doc/error1.grd
DSAA
100 100
5.5311 94.7618
0.514358 99.0168
4.18097 96.0702
[rows 60 to 89 of 100, columns 0 to 66 of 100]
112.919 110.018 107.124 104.237 101.359 98.491 95.6348 92.792 89.9641 87.1524 84.3587 81.5843 78.8307 76.0996 73.3923 70.7105 68.0556 65.4291 62.8325 60.2674 57.7353 55.2376 52.7759 50.3517 47.9666 45.6219 43.3193 41.0602 38.8461 36.6787 34.5592 32.4894 30.4707 28.5045 26.5925 24.7361 22.9369 21.1963 19.5158 17.8971 16.3415 14.8505 13.4258 12.0688 10.7811 9.56405 8.41926 7.34822 6.35246 5.43347 4.59277 3.83188 3.15229 2.55552 2.04309 1.6165 1.27726 1.02689 0.8669 0.798792 0.824082 0.944281 1.1609 1.47545 1.88944 2.40438 3.02178
115.534 112.521 109.515 106.518 103.533 100.56 97.6017 94.6586 91.7325 88.8249 85.9375 83.0717 80.229 77.4109 74.6189 71.8545 69.1194 66.4148 63.7425 61.1038 58.5004 55.9336 53.4051 50.9162 48.4687 46.0638 43.7033 41.3885 39.1209 36.9022 34.7338 32.6172 30.5539 28.5455 26.5934 24.6992 22.8643 21.0903 19.3787 17.731 16.1487 14.6334 13.1865 11.8095 10.504 9.2714 8.11332 7.03124 6.02665 5.10107 4.25602 3.49299 2.81351 2.21909 1.71122 1.29144 0.961239 0.722138 0.575645 0.523271 0.566528 0.706925 0.945975 1.28519 1.72607 2.27014 2.91891
118.14 115.014 111.897 108.793 105.702 102.625 99.5649 96.5225 93.4993 90.497 87.517 84.5608 81.63 78.726 75.8504 73.0046 70.1903 67.4088 64.6617 61.9506 59.2769 56.6421 54.0478 51.4954 48.9865 46.5226 44.1052 41.7357 39.4158 37.147 34.9306 32.7683 30.6616 28.6119 26.6208 24.6898 22.8204 21.0141 19.2725 17.5969 15.9891 14.4503 12.9823 11.5864 10.2642 9.01721 7.84692 6.75486 5.74253 4.81144 3.96311 3.19904 2.52075 1.92974 1.42754 1.01564 0.695554 0.468803 0.336892 0.301333 0.363637 0.525314 0.787876 1.15283 1.6217 2.19598 2.87718
120.736 117.498 114.272 111.06 107.864 104.685 101.524 98.3838 95.2647 92.1686 89.0971 86.0517 83.0338 80.045 77.0869 74.1608 71.2683 68.411 65.5903 62.8077 60.0648 57.3631 54.7041 52.0892 49.5201 46.9982 44.525 42.102 39.7308 37.4129 35.1497 32.9428 30.7936 28.7038 26.6748 24.7081 22.8053 20.9678 19.1971 17.4949 15.8624 14.3014 12.8133 11.3996 10.0618 8.80148 7.62007 6.51911 5.50012 4.56461 3.71408 2.95005 2.27402 1.68752 1.19204 0.789106 0.480223 0.266902 0.150655 0.132991 0.215423 0.399461 0.686615 1.0784 1.57632 2.18189 2.89662
123.321 119.972 116.639 113.321 110.021 106.74 103.48 100.242 97.0285 93.8398 90.6779 87.5443 84.4405 81.368 78.3283 75.323 72.3535 69.4214 66.5281 63.6752 60.8643 58.0967 55.374 52.6978 50.0695 47.4907 44.9628 42.4873 40.0659 37.6999 35.391 33.1405 30.9501 28.8212 26.7554 24.7541 22.8189 20.9513 19.1527 17.4248 15.7689 14.1867 12.6796 11.2492 9.89686 8.62423 7.43278 6.32401 5.29944 4.36057 3.50893 2.74601 2.07334 1.49241 1.00475 0.611864 0.31526 0.11645 0.0169468 0.0182598 0.1219 0.329379 0.642207 1.0619 1.58995 2.2279 2.97723
125.896 122.438 118.997 115.574 112.172 108.791 105.432 102.099 98.7908 95.5106 92.2593 89.0386 85.8499 82.6948 79.5747 76.4912 73.4458 70.44 67.4753 64.5531 61.6752 58.8428 56.0576 53.3211 50.6347 48 45.4185 42.8917 40.4211 38.0082 35.6546 33.3617 31.1311 28.9642 26.8626 24.8278 22.8613 20.9646 19.1392 17.3867 15.7085 14.1061 12.5811 11.135 9.7693 8.48547 7.28505 6.16955 5.14048 4.19935 3.34767 2.58695 1.91871 1.34445 0.865683 0.483922 0.200677 0.0174604 -0.0642185 -0.0428483 0.0830817 0.315083 0.654665 1.10334 1.66262 2.33401 3.11903
128.461 124.895 121.348 117.821 114.317 110.836 107.381 103.952 100.552 97.1809 93.8414 90.5347 87.2622 84.0256 80.8262 77.6656 74.5453 71.4668 68.4317 65.4415 62.4975 59.6015 56.7548 53.9591 51.2157 48.5262 45.8922 43.3151 40.7964 38.3377 35.9405 33.6062 31.3364 29.1327 26.9964 24.9292 22.9324 21.0078 19.1567 17.3806 15.6811 14.0597 12.5179 11.0572 9.67917 8.38522 7.17692 6.05577 5.02328 4.08096 3.23033 2.47289 1.81015 1.24364 0.774846 0.405294 0.13649 -0.030054 -0.0928274 -0.0503194 0.098981 0.356585 0.724002 1.20274 1.79432 2.50025 3.32203
131.016 127.343 123.69 120.061 116.456 112.877 109.326 105.803 102.311 98.8509 95.4242 92.0326 88.6774 85.3602 82.0826 78.846 75.652 72.502 69.3975 66.3402 63.3314 60.3728 57.4657 54.6118 51.8125 49.0694 46.3839 43.7576 41.1919 38.6885 36.2487 33.8741 31.5663 29.3267 27.1569 25.0582 23.0324 21.0808 19.2051 17.4066 15.6869 14.0475 12.49 11.0158 9.62647 8.32349 7.10839 5.98266 4.94784 4.00541 3.15691 2.40383 1.74768 1.18999 0.732257 0.375993 0.122711 -0.0260793 -0.0688665 -0.00413975 0.169612 0.453899 0.850233 1.36012 1.98508 2.72662 3.58625
133.561 129.781 126.025 122.294 118.59 114.914 111.267 107.652 104.069 100.521 97.0078 93.5322 90.0954 86.6989 83.3441 80.0326 76.7658 73.5454 70.3727 67.2494 64.1768 61.1566 58.1903 55.2793 52.4252 49.6294 46.8936 44.2191 41.6076 39.0604 36.5792 34.1655 31.8207 29.5463 27.3439 25.2151 23.1612 21.1838 19.2844 17.4646 15.7258 14.0695 12.4974 11.0108 9.61123 8.3003 7.07947 5.95026 4.91417 3.97272 3.12742 2.37978 1.73131 1.18352 0.737928 0.396034 0.159354 0.029398 0.00767788 0.095704 0.294987 0.607039 1.03337 1.57549 2.23491 3.01314 3.9117
136.096 132.211 128.352 124.52 120.718 116.945 113.205 109.498 105.825 102.19 98.592 95.0337 91.5163 88.0415 84.6106 81.2252 77.8869 74.597 71.3572 68.169 65.0338 61.9531 58.9286 55.9616 53.0537 50.2064 47.4213 44.6997 42.0434 39.4536 36.9321 34.4802 32.0995 29.7915 27.5577 25.3996 23.3187 21.3166 19.3948 17.5547 15.7978 14.1258 12.54 11.0421 9.63345 8.31565 7.09018 5.95855 4.92229 3.9829 3.14189 2.40077 1.76105 1.22425 0.791872 0.465429 0.246432 0.136392 0.136819 0.249226 0.475122 0.816018 1.27343 1.84886 2.54382 3.35983 4.29839
138.621 134.632 130.671 126.74 122.84 118.972 115.139 111.341 107.581 103.859 100.177 96.5369 92.9401 89.3881 85.8822 82.424 79.0151 75.657 72.3511 69.099 65.9022 62.7622 59.6805 56.6586 53.6981 50.8004 47.967 45.1995 42.4994 39.8681 37.3073 34.8184 32.4028 30.0623 27.7981 25.6119 23.5052 21.4794 19.5361 17.6768 15.903 14.2163 12.618 11.1098 9.69315 8.36956 7.14053 6.00758 4.97222 4.03596 3.20032 2.4668 1.83692 1.31218 0.894104 0.584192 0.383959 0.294915 0.318571 0.456438 0.710028 1.08085 1.57042 2.18024 2.91182 3.76669 4.74634
141.135 137.043 132.982 128.952 124.956 120.994 117.069 113.182 109.334 105.527 101.763 98.042 94.3669 90.7386 87.1588 83.629 80.1507 76.7253 73.3544 70.0396 66.7822 63.5839 60.4462 57.3705 54.3583 51.4112 48.5308 45.7184 42.9756 40.3039 37.7049 35.18 32.7307 30.3586 28.0652 25.852 23.7204 21.6721 19.7085 17.8311 16.0414 14.341 12.7313 11.214 9.79035 8.46204 7.23053 6.09733 5.06396 4.13192 3.30273 2.57789 1.95893 1.44734 1.04464 0.752337 0.571948 0.504981 0.552947 0.717356 0.99972 1.40155 1.92435 2.56965 3.33894 4.23374 5.25556
143.64 139.446 135.285 131.158 127.066 123.012 118.996 115.02 111.086 107.195 103.349 99.549 95.7965 92.0932 88.4406 84.8401 81.2934 77.8019 74.3671 70.9906 67.6738 64.4183 61.2256 58.0971 55.0345 52.0391 49.1126 46.2564 43.472 40.761 38.1248 35.565 33.0831 30.6806 28.359 26.1198 23.9645 21.8947 19.9118 18.0174 16.213 14.5 12.88 11.3545 9.92505 8.59311 7.3602 6.22784 5.19753 4.27079 3.44913 2.73406 2.12709 1.62972 1.24348 0.969878 0.810414 0.766604 0.83996 1.03199 1.34421 1.77813 2.33525 3.0171 3.82517 4.76099 5.82606
146.134 141.84 137.58 133.357 129.171 125.025 120.92 116.856 112.837 108.863 104.936 101.058 97.2291 93.4518 89.7274 86.0574 82.4434 78.8869 75.3893 71.9521 68.577 65.2654 62.0187 58.8386 55.7265 52.684 49.7125 46.8135 43.9886 41.2394 38.5672 35.9736 33.4601 31.0282 28.6795 26.4155 24.2375 22.1473 20.1462 18.2359 16.4177 14.6933 13.064 11.5315 10.0973 8.76278 7.52956 6.39911 5.37295 4.45259 3.63954 2.93531 2.34141 1.85936 1.49066 1.23683 1.09937 1.0798 1.17962 1.40036 1.74351 2.2106 2.80313 3.5226 4.37054 5.34846 6.45786
148.619 144.225 139.868 135.549 131.27 127.033 122.839 118.69 114.587 110.531 106.524 102.568 98.6646 94.8144 91.0193 87.2809 83.6007 79.9802 76.4208 72.9242 69.4918 66.1251 62.8256 59.5949 56.4345 53.3458 50.3304 47.3898 44.5255 41.739 39.0319 36.4056 33.8616 31.4015 29.0268 26.7389 24.5394 22.4299 20.4117 18.4865 16.6557 14.9208 13.2834 11.745 10.307 8.97107 7.7386 6.61115 5.59022 4.67732 3.87396 3.18166 2.60192 2.13625 1.78618 1.5532 1.43883 1.44458 1.57195 1.82247 2.19764 2.69898 3.32799 4.08618 4.97506 5.99616 7.15097
151.093 146.601 142.147 137.734 133.364 129.037 124.756 120.521 116.335 112.198 108.113 104.081 100.103 96.181 92.3164 88.5106 84.7653 81.0818 77.4618 73.9068 70.4181 66.9975 63.6463 60.3661 57.1584 54.0247 50.9665 47.9853 45.0827 42.2601 39.5191 36.8611 34.2877 31.8004 29.4007 27.0902 24.8702 22.7424 20.7082 18.7692 16.9269 15.1827 13.5382 11.9949 10.5543 9.21798 7.98736 6.86398 5.84936 4.945 4.15242 3.47312 2.90862 2.46042 2.13005 1.91901 1.8288 1.86095 2.01696 2.29835 2.70661 3.24328 3.90985 4.70783 5.63875 6.7041 7.9054
153.558 148.968 144.419 139.913 135.452 131.036 126.669 122.35 118.082 113.865 109.703 105.595 101.545 97.5517 93.6186 89.7465 85.9371 82.1919 78.5123 74.8999 71.3561 67.8826 64.4808 61.1521 57.8982 54.7206 51.6206 48.6 45.6601 42.8025 40.0286 37.3401 34.7384 32.225 29.8015 27.4693 25.2299 23.0849 21.0358 19.0841 17.2313 15.4789 13.8284 12.2813 10.8392 9.50354 8.27584 7.15762 6.15039 5.25565 4.47492 3.8097 3.26152 2.83188 2.52229 2.33426 2.26931 2.32894 2.51466 2.82799 3.27044 3.84351 4.54872 5.38759 6.36161 7.4723 8.72118
156.013 151.326 146.683 142.085 137.534 133.031 128.578 124.176 119.827 115.532 111.293 107.112 102.989 98.9265 94.9259 90.9887 87.1163 83.3103 79.5722 75.9035 72.3058 68.7804 65.329 61.953 58.654 55.4335 52.2929 49.2338 46.2578 43.3662 40.5607 37.8427 35.2137 32.6753 30.229 27.8762 25.6185 23.4575 21.3945 19.4312 17.5689 15.8094 14.154 12.6042 11.1616 9.82775 8.60406 7.49208 6.49331 5.60927 4.84148 4.19143 3.66065 3.25064 2.96291 2.79898 2.76036 2.84855 3.06507 3.41142 3.88913 4.49969 5.24463 6.12545 7.14366 8.30077 9.5983
158.457 153.675 148.939 144.25 139.61 135.021 130.484 126 121.571 117.199 112.885 108.63 104.436 100.305 96.2384 92.2371 88.3028 84.4372 80.6417 76.9178 73.267 69.691 66.1911 62.7688 59.4258 56.1635 52.9833 49.8869 46.8758 43.9513 41.1152 38.3688 35.7136 33.1513 30.6832 28.311 26.0361 23.86 21.7843 19.8104 17.9399 16.1742 14.515 12.9636 11.5217 10.1906 8.97203 7.86736 6.87814 6.00589 5.25211 4.61831 4.10601 3.71671 3.45193 3.31318 3.30196 3.4198 3.66819 4.04865 4.5627 5.21184 5.99758 6.92143 7.98491 9.18953 10.5368
160.892 156.015 151.187 146.409 141.681 137.007 132.386 127.821 123.314 118.865 114.477 110.15 105.887 101.688 97.5561 93.4917 89.4967 85.5725 81.7206 77.9426 74.24 70.6143 67.067 63.5995 60.2136 56.9105 53.6919 50.5592 47.5141 44.5578 41.6921 38.9184 36.2382 33.653 31.1643 28.7737 26.4826 24.2926 22.2052 20.2219 18.3441 16.5735 14.9114 13.3596 11.9193 10.5922 9.37976 8.28349 7.3049 6.44551 5.70683 5.09036 4.59762 4.23012 3.98936 3.87686 3.89414 4.0427 4.32404 4.7397 5.29116 5.97995 6.80758 7.77555 8.88538 10.1386 11.5367
163.317 158.347 153.428 148.56 143.746 138.987 134.285 129.64 125.055 120.531 116.07 111.672 107.34 103.075 98.879 94.7527 90.6979 86.7162 82.809 78.978 75.2246 71.5503 67.9567 64.4452 61.0173 57.6746 54.4186 51.2508 48.1727 45.1858 42.2916 39.4916 36.7874 34.1804 31.6722 29.2643 26.9581 24.7553 22.6572 20.6655 18.7816 17.0071 15.3434 13.792 12.3545 11.0325 9.82726 8.74047 7.7736 6.92816 6.20565 5.60759 5.13549 4.79086 4.57521 4.49005 4.5369 4.71726 5.03265 5.48457 6.07453 6.80406 7.67465 8.68782 9.84508 11.1479 12.5979
165.731 160.67 155.66 150.705 145.806 140.964 136.18 131.457 126.796 122.197 117.664 113.196 108.797 104.467 100.207 96.0199 91.9064 87.8683 83.907 80.024 76.2209 72.4992 68.8603 65.3057 61.8371 58.4558 55.1635 51.9616 48.8516 45.8351 42.9135 40.0884 37.3612 34.7336 32.2069 29.7827 27.4626 25.248 23.1404 21.1414 19.2524 17.475 15.8107 14.261 12.8274 11.5114 10.3146 9.23833 8.28425 7.45383 6.74858 6.17001 5.71963 5.39896 5.2095 5.15276 5.23026 5.44351 5.79401 6.28328 6.91283 7.68417 8.59881 9.65826 10.864 12.2176 13.7206
168.136 162.983 157.885 152.844 147.86 142.936 138.073 133.272 128.535 123.863 119.259 114.723 110.257 105.862 101.54 97.2934 93.1224 89.0289 85.0145 81.0807 77.2289 73.4608 69.7777 66.1812 62.6729 59.2542 55.9266 52.6917 49.5509 46.5058 43.558 40.7088 37.9598 35.3125 32.7684 30.3291 27.9961 25.7708 23.6548 21.6495 19.7566 17.9774 16.3136 14.7666 13.3379 12.0291 10.8417 9.77707 8.83686 8.02255 7.33564 6.77764 6.35007 6.05443 5.89224 5.865 5.97423 6.22144 6.60814 7.13584 7.80606 8.62029 9.58006 10.6869 11.9422 13.3477 14.9047
170.531 165.288 160.103 154.976 149.909 144.903 139.961 135.084 130.272 125.529 120.854 116.251 111.719 107.261 102.879 98.5732 94.3457 90.198 86.1316 82.148 78.2487 74.4352 70.709 67.0717 63.5247 60.0696 56.7079 53.441 50.2706 47.1981 44.2249 41.3527 38.583 35.9172 33.3568 30.9034 28.5586 26.3237 24.2003 22.1899 20.294 18.5142 16.8519 15.3087 13.8861 12.5855 11.4086 10.3567 9.43146 8.63433 7.96684 7.43049 7.0268 6.75728 6.62344 6.62678 6.76883 7.05108 7.47506 8.04228 8.75423 9.61244 10.6184 11.7737 13.0797 14.538 16.1502
172.916 167.585 162.312 157.101 151.952 146.866 141.846 136.893 132.009 127.194 122.451 117.781 113.185 108.665 104.223 99.8593 95.5765 91.3756 87.2582 83.2259 79.2801 75.4224 71.6542 67.9771 64.3926 60.9022 57.5074 54.2097 51.0106 47.9117 44.9144 42.0203 39.2309 36.5476 33.9721 31.5057 29.1501 26.9066 24.777 22.7625 20.8648 19.0854 17.4258 15.8875 14.4719 13.1807 12.0153 10.9773 10.068 9.28918 8.64219 8.12858 7.74985 7.50753 7.40311 7.43812 7.61406 7.93245 8.39479 9.00259 9.75737 10.6606 11.7139 12.9187 14.2765 15.7888 17.4572
175.291 169.872 164.514 159.219 153.989 148.825 143.728 138.701 133.744 128.86 124.049 119.313 114.654 110.073 105.572 101.152 96.8146 92.5617 88.3945 84.3145 80.3233 76.4224 72.6133 68.8976 65.2766 61.7519 58.3251 54.9977 51.7711 48.6469 45.6265 42.7116 39.9035 37.2039 34.6142 32.1359 29.7706 27.5197 25.3848 23.3674 21.469 19.6911 18.0352 16.5028 15.0955 13.8147 12.6619 11.6387 10.7466 9.98712 9.36171 8.87191 8.51923 8.30519 8.23128 8.29903 8.50995 8.86554 9.36732 10.0168 10.8155 11.7649 12.8665 14.1219 15.5325 17.0999 18.8256
177.657 172.151 166.708 161.331 156.021 150.779 145.607 140.506 135.478 130.525 125.647 120.847 116.126 111.485 106.926 102.451 98.0602 93.7563 89.5403 85.4138 81.3783 77.4353 73.5864 69.833 66.1766 62.6188 59.1611 55.805 52.5519 49.4035 46.3611 43.4264 40.6009 37.886 35.2832 32.7941 30.4202 28.163 26.0239 24.0046 22.1066 20.3312 18.6801 17.1548 15.7567 14.4874 13.3484 12.3411 11.4672 10.7282 10.1254 9.66051 9.33495 9.15027 9.10796 9.20953 9.4565 9.85038 10.3927 11.0849 11.9286 12.9252 14.0763 15.3834 16.8479 18.4714 20.2555
180.012 174.42 168.895 163.436 158.047 152.728 147.482 142.309 137.211 132.19 127.247 122.383 117.601 112.901 108.286 103.756 99.3133 94.9594 90.6957 86.5237 82.445 78.4611 74.5733 70.7834 67.0928 63.5029 60.0153 56.6316 53.3532 50.1816 47.1184 44.165 41.323 38.5938 35.9791 33.4803 31.0988 28.8363 26.6943 24.6742 22.7775 21.0058 19.3606 17.8433 16.4556 15.1989 14.0747 13.0845 12.2299 11.5123 10.9333 10.4944 10.197 10.0428 10.0331 10.1696 10.4537 10.887 11.4709 12.2069 13.0967 14.1416 15.3432 16.7031 18.2226 19.9034 21.7469
182.358 176.682 171.073 165.535 160.068 154.674 149.354 144.109 138.943 133.855 128.847 123.921 119.079 114.322 109.651 105.067 100.574 96.171 91.8607 87.6444 83.5235 79.4997 75.5743 71.7489 68.025 64.4041 60.8878 57.4776 54.1749 50.9812 47.8982 44.9272 42.0698 39.3276 36.7019 34.1944 31.8066 29.5399 27.3958 25.376 23.4818 21.7149 20.0766 18.5686 17.1923 15.9492 14.8409 13.8688 13.0346 12.3396 11.7854 11.3735 11.1055 10.9828 11.0069 11.1793 11.5017 11.9754 12.6019 13.3829 14.3198 15.4141 16.6673 18.081 19.6566 21.3957 23.2998
184.694 178.934 173.244 167.627 162.083 156.614 151.222 145.908 140.673 135.52 130.449 125.462 120.56 115.746 111.021 106.385 101.842 97.3913 93.0354 88.7758 84.6139 80.5511 76.5891 72.7294 68.9734 65.3226 61.7786 58.3429 55.017 51.8024 48.7006 45.7131 42.8414 40.0871 37.4517 34.9366 32.5434 30.2736 28.1287 26.1102 24.2196 22.4584 20.8282 19.3304 17.9666 16.7383 15.647 14.6942 13.8813 13.21 12.6817 12.298 12.0603 11.9702 12.0291 12.2387 12.6003 13.1155 13.7859 14.6128 15.598 16.7427 18.0486 19.5172 21.15 22.9485 24.9142
