doc/error1.grd
DSAA
100 100
5.5311 94.7618
0.514358 99.0168
4.18097 96.0702
[rows 0 to 29 of 100, columns 0 to 66 of 100]
-63.1811 -57.2785 -51.5041 -45.8563 -40.3338 -34.9348 -29.658 -24.5018 -19.4648 -14.5453 -9.74195 -5.05316 -0.477444 3.98671 8.34082 12.5864 16.7249 20.758 24.687 28.5135 32.2391 35.8651 39.3933 42.8249 46.1616 49.4049 52.5563 55.6173 58.5894 61.474 64.2729 66.9873 69.6189 72.1692 74.6396 77.0317 79.347 81.587 83.7532 85.8471 87.8703 89.8242 91.7104 93.5303 95.2855 96.9775 98.6078 100.178 101.689 103.144 104.542 105.887 107.178 108.419 109.61 110.753 111.85 112.901 113.909 114.874 115.8 116.686 117.534 118.347 119.125 119.87 120.583
-59.9294 -54.2054 -48.6074 -43.1338 -37.7831 -32.5538 -27.4444 -22.4535 -17.5794 -12.8206 -8.17578 -3.64326 0.778419 5.09077 9.29531 13.3935 17.387 21.2771 25.0655 28.7536 32.343 35.8351 39.2315 42.5337 45.7432 48.8615 51.8901 54.8305 57.6842 60.4528 63.1378 65.7406 68.2628 70.7059 73.0714 75.3608 77.5757 79.7174 81.7877 83.7878 85.7195 87.5841 89.3832 91.1183 92.7909 94.4025 95.9547 97.4489 98.8867 100.269 101.599 102.876 104.103 105.282 106.412 107.497 108.538 109.536 110.492 111.409 112.287 113.128 113.935 114.707 115.447 116.156 116.836
-56.6888 -51.1423 -45.7195 -40.419 -35.2391 -30.1784 -25.2354 -20.4085 -15.6963 -11.0972 -6.6098 -2.23247 2.03625 6.19788 10.2539 14.2059 18.0553 21.8037 25.4525 29.0033 32.4576 35.8168 39.0826 42.2564 45.3397 48.334 51.2409 54.0619 56.7984 59.452 62.0242 64.5164 66.9303 69.2674 71.529 73.7168 75.8323 77.8769 79.8522 81.7597 83.6009 85.3773 87.0904 88.7418 90.3328 91.8652 93.3403 94.7597 96.1249 97.4373 98.6986 99.9102 101.074 102.19 103.262 104.29 105.276 106.221 107.127 107.996 108.828 109.626 110.391 111.124 111.827 112.502 113.15
-53.4591 -48.0891 -42.8405 -37.7119 -32.7018 -27.8086 -23.0308 -18.367 -13.8156 -9.3751 -5.04399 -0.820771 3.29608 7.30806 11.2167 15.0235 18.73 22.3376 25.8479 29.2625 32.5827 35.8102 38.9464 41.9929 44.9511 47.8226 50.6089 53.3114 55.9318 58.4715 60.932 63.3148 65.6215 67.8535 70.0124 72.0997 74.1168 76.0654 77.9469 79.7627 81.5146 83.2038 84.832 86.4007 87.9114 89.3655 90.7647 92.1103 93.404 94.6472 95.8414 96.9882 98.089 99.1454 100.159 101.131 102.063 102.957 103.814 104.636 105.423 106.179 106.903 107.599 108.266 108.907 109.523
-50.2404 -45.0457 -39.9703 -35.0126 -30.1711 -25.4443 -20.8307 -16.3289 -11.9372 -7.65419 -3.47835 0.591848 4.5579 8.42132 12.1836 15.8463 19.4109 22.8789 26.2519 29.5313 32.7186 35.8154 38.8231 41.7433 44.5775 47.3273 49.994 52.5792 55.0845 57.5113 59.8612 62.1357 64.3362 66.4643 68.5215 70.5094 72.4293 74.2829 76.0716 77.797 79.4605 81.0637 82.6081 84.0952 85.5265 86.9035 88.2277 89.5007 90.724 91.899 93.0272 94.1103 95.1496 96.1468 97.1033 98.0206 98.9002 99.7437 100.553 101.328 102.072 102.786 103.472 104.13 104.763 105.371 105.958
-47.0327 -42.0122 -37.1088 -32.3209 -27.647 -23.0856 -18.6351 -14.2941 -10.0611 -5.93452 -1.91285 2.0054 5.82174 9.53768 13.1547 16.6744 20.0982 23.4277 26.6643 29.8096 32.8651 35.8322 38.7126 41.5076 44.2189 46.848 49.3962 51.8653 54.2565 56.5716 58.812 60.9791 63.0746 65.0999 67.0565 68.9459 70.7697 72.5294 74.2264 75.8624 77.4387 78.9569 80.4186 81.8252 83.1782 84.4792 85.7296 86.931 88.0849 89.1928 90.2562 91.2766 92.2555 93.1945 94.095 94.9586 95.7867 96.581 97.3428 98.0737 98.7752 99.4489 100.096 100.719 101.318 101.895 102.452
-43.8359 -38.9886 -34.2562 -29.637 -25.1296 -20.7324 -16.444 -12.2628 -8.18732 -4.21605 -0.347485 3.4199 7.0876 10.6571 14.13 17.5078 20.7919 23.9839 27.0853 30.0975 33.0222 35.8608 38.6149 41.2859 43.8753 46.3847 48.8156 51.1695 53.4479 55.6523 57.7842 59.8451 61.8366 63.7601 65.6172 67.4094 69.1381 70.805 72.4114 73.959 75.4492 76.8835 78.2635 79.5907 80.8665 82.0925 83.2702 84.4011 85.4868 86.5286 87.5282 88.487 89.4066 90.2885 91.1342 91.9451 92.7228 93.4689 94.1848 94.872 95.5321 96.1665 96.7768 97.3644 97.931 98.4779 99.0068
-40.65 -35.9749 -31.4123 -26.9607 -22.6187 -18.3848 -14.2573 -10.2348 -6.31581 -2.49879 1.21776 4.83536 8.35551 11.7797 15.1095 18.3464 21.4919 24.5475 27.5147 30.3951 33.1901 35.9012 38.5301 41.0781 43.5467 45.9376 48.2522 50.492 52.6586 54.7533 56.7779 58.7337 60.6222 62.4451 64.2038 65.8997 67.5345 69.1096 70.6266 72.0868 73.492 74.8435 76.1429 77.3918 78.5915 79.7436 80.8496 81.9111 82.9296 83.9065 84.8433 85.7417 86.603 87.4289 88.2207 88.9801 89.7085 90.4075 91.0785 91.7231 92.3428 92.939 93.5134 94.0674 94.6025 95.1202 95.622
-37.475 -32.9709 -28.5771 -24.2922 -20.1145 -16.0426 -12.075 -8.21016 -4.44657 -0.782719 2.7829 6.25179 9.62547 12.9055 16.0932 19.1904 22.1983 25.1186 27.9527 30.7023 33.3686 35.9534 38.4581 40.8842 43.2332 45.5066 47.706 49.8328 51.8886 53.8748 55.7931 57.6448 59.4316 61.1548 62.8161 64.417 65.9589 67.4433 68.8718 70.2459 71.5671 72.8369 74.0568 75.2284 76.3531 77.4324 78.4679 79.461 80.4134 81.3264 82.2016 83.0406 83.8447 84.6156 85.3548 86.0637 86.7439 87.3968 88.024 88.6271 89.2074 89.7666 90.3061 90.8275 91.3322 91.8217 92.2977
-34.311 -29.9768 -25.7507 -21.6313 -17.6168 -13.706 -9.89714 -6.18885 -2.57958 0.93218 4.34794 7.66921 10.8975 14.0343 17.0812 20.0396 22.9111 25.6972 28.3993 31.0191 33.5579 36.0174 38.399 40.7042 42.9346 45.0917 47.1769 49.1918 51.138 53.0168 54.8298 56.5786 58.2646 59.8894 61.4544 62.9612 64.4112 65.8061 67.1473 68.4363 69.6746 70.8637 72.0052 73.1006 74.1513 75.1589 76.1249 77.0508 77.9381 78.7883 79.603 80.3836 81.1317 81.8487 82.5363 83.1958 83.8288 84.4368 85.0213 85.5839 86.126 86.6492 87.1549 87.6448 88.1202 88.5827 89.0338
-31.1578 -26.9925 -22.9331 -18.978 -15.1257 -11.3748 -7.72368 -4.17086 -0.714833 2.64592 5.9129 9.08763 12.1716 15.1664 18.0734 20.8942 23.6303 26.2832 28.8544 31.3455 33.7579 36.0932 38.3528 40.5383 42.6511 44.6929 46.6651 48.5692 50.4067 52.1792 53.8881 55.535 57.1213 58.6486 60.1185 61.5323 62.8916 64.198 65.4529 66.6579 67.8144 68.9239 69.9881 71.0084 71.9862 72.9232 73.8208 74.6805 75.5039 76.2924 77.0476 77.7709 78.464 79.1283 79.7652 80.3764 80.9634 81.5275 82.0704 82.5936 83.0986 83.5869 84.0599 84.5193 84.9664 85.4029 85.8303
-28.0155 -24.018 -20.1241 -16.3323 -12.6412 -9.04911 -5.55461 -2.15618 1.14769 4.35851 7.4778 10.5071 13.4478 16.3016 19.0698 21.7541 24.3559 26.8767 29.3181 31.6816 33.9686 36.1808 38.3195 40.3863 42.3827 44.3103 46.1705 47.9649 49.6949 51.3621 52.9679 54.514 56.0017 57.4327 58.8084 60.1304 61.4001 62.619 63.7887 64.9107 65.9865 67.0176 68.0055 68.9517 69.8578 70.7252 71.5555 72.3501 73.1106 73.8385 74.5353 75.2025 75.8416 76.4542 77.0417 77.6057 78.1476 78.669 79.1714 79.6562 80.1251 80.5795 81.021 81.451 81.871 82.2826 82.6873
-24.884 -21.0533 -17.3238 -13.6943 -10.1632 -6.72887 -3.38992 -0.144803 3.00799 6.06997 9.04264 11.9275 14.7261 17.44 20.0705 22.6194 25.0879 27.4778 29.7904 32.0274 34.1901 36.2802 38.2991 40.2483 42.1294 43.9438 45.6931 47.3788 49.0024 50.5654 52.0693 53.5156 54.9059 56.2416 57.5243 58.7554 59.9365 61.0692 62.1548 63.1949 64.191 65.1447 66.0574 66.9307 67.7661 68.565 69.329 70.0596 70.7584 71.4267 72.0662 72.6783 73.2646 73.8265 74.3657 74.8835 75.3815 75.8612 76.3241 76.7718 77.2057 77.6273 78.0382 78.4399 78.8339 79.2216 79.6047
-21.7635 -18.0983 -14.5323 -11.0639 -7.69168 -4.41408 -1.22959 1.8633 4.86609 7.7803 10.6074 13.349 16.0066 18.5816 21.0755 23.49 25.8264 28.0864 30.2714 32.3829 34.4224 36.3915 38.2916 40.1243 41.8911 43.5935 45.233 46.8111 48.3294 49.7892 51.1923 52.5399 53.8338 55.0753 56.266 57.4074 58.5011 59.5484 60.551 61.5104 62.4279 63.3053 64.1439 64.9453 65.7111 66.4426 67.1414 67.8091 68.4472 69.057 69.6403 70.1984 70.7329 71.2453 71.7371 72.2099 72.665 73.1041 73.5287 73.9402 74.3402 74.7301 75.1116 75.4861 75.8551 76.2201 76.5827
-18.6537 -15.1531 -11.7494 -8.44109 -5.2267 -2.10471 0.926393 3.86813 6.72201 9.48954 12.1722 14.7716 17.2891 19.7264 22.0848 24.366 26.5714 28.7025 30.7609 32.748 34.6654 36.5146 38.2971 40.0144 41.668 43.2594 44.7902 46.2618 47.6758 49.0336 50.3368 51.5869 52.7854 53.9339 55.0337 56.0865 57.0937 58.0569 58.9775 59.8571 60.6972 61.4993 62.265 62.9956 63.6928 64.358 64.9928 65.5986 66.177 66.7295 67.2576 67.7628 68.2466 68.7105 69.1561 69.5849 69.9983 70.3978 70.7851 71.1616 71.5287 71.8881 72.2412 72.5895 72.9346 73.278 73.6211
-15.5548 -12.2176 -8.97513 -5.82584 -2.76822 0.199233 3.07804 5.86971 8.57575 11.1977 13.737 16.1952 18.5739 20.8744 23.0984 25.2474 27.3228 29.3262 31.2591 33.1229 34.9193 36.6497 38.3156 39.9185 41.46 42.9415 44.3646 45.7308 47.0416 48.2985 49.503 50.6566 51.7608 52.8172 53.8273 54.7925 55.7144 56.5945 57.4343 58.2352 58.999 59.7269 60.4206 61.0815 61.7112 62.3112 62.883 63.428 63.9479 64.4441 64.9181 65.3715 65.8057 66.2222 66.6227 67.0085 67.3812 67.7423 68.0934 68.4359 68.7713 69.1011 69.4269 69.7502 70.0725 70.3953 70.72
-12.4666 -9.29184 -6.20953 -3.21816 -0.316225 2.49778 5.22536 7.86805 10.4273 12.9047 15.3018 17.6199 19.8607 22.0257 24.1164 26.1342 28.0807 29.9574 31.7659 33.5075 35.1839 36.7966 38.347 39.8366 41.2671 42.6398 43.9564 45.2182 46.4269 47.5839 48.6907 49.749 50.76 51.7255 52.6468 53.5255 54.3632 55.1613 55.9213 56.6447 57.3331 57.988 58.6108 59.2031 59.7664 60.3022 60.8121 61.2974 61.7599 62.2008 62.6218 63.0244 63.4101 63.7804 64.1368 64.4808 64.8139 65.1377 65.4536 65.7631 66.0679 66.3693 66.6689 66.9682 67.2688 67.572 67.8795
-9.38928 -6.37581 -3.45256 -0.618024 2.1293 4.79093 7.36838 9.86316 12.2768 14.6107 16.8665 19.0457 21.1498 23.1803 25.1386 27.0264 28.8451 30.5963 32.2813 33.9019 35.4594 36.9554 38.3914 39.7688 41.0893 42.3544 43.5654 44.724 45.8316 46.8899 47.9001 48.864 49.783 50.6586 51.4923 52.2856 53.0401 53.7572 54.4385 55.0855 55.6997 56.2825 56.8356 57.3604 57.8584 58.3311 58.7801 59.2069 59.6129 59.9997 60.3688 60.7218 61.06 61.385 61.6984 62.0017 62.2963 62.5838 62.8656 63.1434 63.4185 63.6926 63.9671 64.2435 64.5234 64.8082 65.0995
-6.32272 -3.46947 -0.704205 1.97457 4.56837 7.07871 9.5071 11.8551 14.1241 16.3157 18.4314 20.4727 22.4411 24.3381 26.1653 27.9241 29.616 31.2427 32.8055 34.306 35.7457 37.1261 38.4488 39.7151 40.9268 42.0851 43.1918 44.2482 45.2559 46.2164 47.1312 48.0018 48.8298 49.6166 50.3637 51.0728 51.7452 52.3824 52.9861 53.5577 54.0987 54.6106 55.095 55.5533 55.9871 56.3979 56.7871 57.1563 57.5071 57.8408 58.1591 58.4634 58.7553 59.0362 59.3077 59.5713 59.8284 60.0807 60.3296 60.5766 60.8233 61.071 61.3215 61.5761 61.8364 62.1039 62.3801
-3.26693 -0.572812 2.03554 4.55964 7.001 9.36113 11.6415 13.8437 15.9693 18.0196 19.9962 21.9007 23.7345 25.4992 27.1962 28.8272 30.3935 31.8967 33.3383 34.7199 36.0429 37.3088 38.5192 39.6755 40.7793 41.8322 42.8355 43.7908 44.6996 45.5635 46.3839 47.1624 47.9004 48.5995 49.2612 49.887 50.4783 51.0369 51.564 52.0613 52.5302 52.9723 53.389 53.782 54.1526 54.5025 54.833 55.1458 55.4423 55.7241 55.9926 56.2494 56.496 56.7339 56.9645 57.1895 57.4103 57.6285 57.8455 58.0628 58.2821 58.5047 58.7321 58.966 59.2078 59.4591 59.7212
-0.221885 2.31417 4.7667 7.1372 9.4272 11.6382 13.7717 15.8293 17.8123 19.7224 21.5611 23.3299 25.0302 26.6636 28.2316 29.7357 31.1775 32.5583 33.8799 35.1435 36.3509 37.5034 38.6026 39.65 40.6471 41.5954 42.4965 43.3518 44.1629 44.9312 45.6583 46.3457 46.9948 47.6073 48.1846 48.7282 49.2397 49.7205 50.1722 50.5962 50.9942 51.3675 51.7177 52.0464 52.3549 52.6449 52.9179 53.1753 53.4187 53.6496 53.8694 54.0798 54.2822 54.4781 54.669 54.8565 55.042 55.2271 55.4133 55.6021 55.795 55.9934 56.199 56.4133 56.6377 56.8737 57.1229
2.81242 5.1915 7.48928 9.70727 11.847 13.9099 15.8976 17.8116 19.6533 21.4243 23.1261 24.7602 26.3281 27.8313 29.2714 30.6498 31.968 33.2276 34.4301 35.577 36.6698 37.71 38.6991 39.6386 40.5301 41.375 42.1749 42.9313 43.6456 44.3195 44.9543 45.5517 46.1131 46.64 47.134 47.5966 48.0292 48.4334 48.8107 49.1626 49.4906 49.7963 50.0811 50.3465 50.5941 50.8253 51.0418 51.2449 51.4362 51.6173 51.7896 51.9546 52.1138 52.2688 52.4211 52.5721 52.7235 52.8766 53.0331 53.1944 53.362 53.5374 53.7222 53.9179 54.1259 54.3479 54.5852
5.836 8.05918 10.2033 12.2699 14.2604 16.1764 18.0193 19.7908 21.4922 23.1252 24.6912 26.1917 27.6282 29.0024 30.3155 31.5693 32.7651 33.9046 34.9891 36.0203 36.9996 37.9285 38.8086 39.6414 40.4283 41.1709 41.8707 42.5292 43.1479 43.7284 44.2721 44.7805 45.2552 45.6977 46.1095 46.492 46.8469 47.1756 47.4796 47.7604 48.0196 48.2586 48.4791 48.6824 48.87 49.0436 49.2046 49.3546 49.4949 49.6272 49.753 49.8737 49.9909 50.1061 50.2208 50.3365 50.4547 50.577 50.7048 50.8397 50.9831 51.1366 51.3017 51.4799 51.6727 51.8816 52.1081
8.84886 10.9172 12.9088 14.825 16.6674 18.4375 20.1368 21.7668 23.3291 24.8251 26.2563 27.6243 28.9306 30.1767 31.3641 32.4943 33.5688 34.5892 35.5568 36.4734 37.3403 38.159 38.9312 39.6582 40.3417 40.9831 41.5839 42.1456 42.6698 43.1579 43.6116 44.0322 44.4213 44.7804 45.111 45.4146 45.6928 45.947 46.1788 46.3897 46.5811 46.7546 46.9117 47.054 47.1828 47.2998 47.4065 47.5043 47.5948 47.6794 47.7597 47.8373 47.9135 47.99 48.0682 48.1496 48.2358 48.3283 48.4285 48.538 48.6584 48.791 48.9374 49.0992 49.2778 49.4748 49.6916
11.851 13.7657 15.6057 17.3726 19.068 20.6933 22.25 23.7397 25.1638 26.524 27.8216 29.0582 30.2353 31.3545 32.4171 33.4248 34.3791 35.2814 36.1333 36.9363 37.6919 38.4016 39.0669 39.6893 40.2703 40.8116 41.3144 41.7805 42.2112 42.6081 42.9728 43.3066 43.6112 43.888 44.1385 44.3643 44.5669 44.7478 44.9084 45.0504 45.1751 45.2842 45.3791 45.4614 45.5325 45.594 45.6474 45.6941 45.7358 45.7738 45.8098 45.8453 45.8816 45.9204 45.9632 46.0115 46.0667 46.1305 46.2042 46.2895 46.3878 46.5006 46.6295 46.776 46.9415 47.1276 47.3358
14.8425 16.6045 18.2941 19.9128 21.4622 22.9438 24.359 25.7095 26.9966 28.2219 29.387 30.4933 31.5423 32.5356 33.4746 34.3609 35.196 35.9814 36.7186 37.4091 38.0544 38.6561 39.2156 39.7345 40.2143 40.6564 41.0624 41.4339 41.7722 42.079 42.3557 42.6039 42.825 43.0206 43.1921 43.3412 43.4692 43.5778 43.6684 43.7425 43.8017 43.8474 43.8812 43.9046 43.919 43.9261 43.9273 43.9241 43.918 43.9106 43.9033 43.8977 43.8952 43.8975 43.9059 43.9221 43.9474 43.9836 44.0319 44.094 44.1713 44.2655 44.3779 44.5101 44.6636 44.8399 45.0406
17.8233 19.4337 20.974 22.4456 23.8502 25.1891 26.4639 27.6761 28.8273 29.9189 30.9525 31.9295 32.8515 33.72 34.5365 35.3025 36.0195 36.689 37.3126 37.8917 38.4279 38.9227 39.3775 39.7939 40.1734 40.5176 40.8278 41.1057 41.3528 41.5705 41.7604 41.9239 42.0627 42.1781 42.2718 42.3452 42.3998 42.4372 42.4588 42.4662 42.4608 42.4443 42.418 42.3836 42.3425 42.2962 42.2462 42.1941 42.1414 42.0896 42.0401 41.9945 41.9544 41.9211 41.8963 41.8815 41.878 41.8876 41.9116 41.9516 42.0091 42.0856 42.1826 42.3017 42.4442 42.6119 42.8061
20.7935 22.2534 23.6454 24.971 26.2317 27.4291 28.5646 29.6397 30.656 31.615 32.5182 33.367 34.1631 34.9079 35.6029 36.2497 36.8497 37.4044 37.9154 38.3842 38.8123 39.2013 39.5525 39.8675 40.1479 40.3951 40.6107 40.7962 40.953 41.0827 41.1868 41.2669 41.3243 41.3607 41.3776 41.3764 41.3586 41.3258 41.2796 41.2213 41.1525 41.0748 40.9896 40.8984 40.8028 40.7042 40.6043 40.5044 40.4061 40.3109 40.2203 40.1359 40.0591 39.9914 39.9344 39.8896 39.8585 39.8426 39.8433 39.8623 39.901 39.961 40.0437 40.1507 40.2834 40.4434 40.6322
23.753 25.0635 26.3083 27.489 28.607 29.6639 30.6611 31.6002 32.4828 33.3102 34.084 34.8058 35.477 36.0992 36.6738 37.2024 37.6864 38.1275 38.5271 38.8867 39.2078 39.4919 39.7406 39.9553 40.1376 40.289 40.411 40.5051 40.5728 40.6156 40.6351 40.6327 40.6099 40.5683 40.5094 40.4347 40.3457 40.2439 40.1308 40.0079 39.8768 39.739 39.5959 39.449 39.3 39.1503 39.0013 38.8547 38.7119 38.5745 38.4439 38.3217 38.2093 38.1083 38.0203 37.9466 37.8888 37.8485 37.8271 37.8262 37.8472 37.8917 37.9611 38.0571 38.1811 38.3345 38.519
26.7019 27.864 28.9628 29.9996 30.9759 31.8934 32.7535 33.5577 34.3075 35.0044 35.6501 36.2458 36.7932 37.2939 37.7492 38.1607 38.5299 38.8584 39.1475 39.399 39.6142 39.7946 39.9419 40.0574 40.1427 40.1993 40.2288 40.2326 40.2122 40.1692 40.1051 40.0213 39.9195 39.801 39.6674 39.5203 39.3611 39.1913 39.0125 38.8261 38.6337 38.4368 38.2369 38.0355 37.8342 37.6343 37.4375 37.2453 37.0591 36.8804 36.7109 36.552 36.4051 36.2719 36.1538 36.0524 35.9691 35.9054 35.8629 35.8431 35.8475 35.8776 35.935 36.021 36.1373 36.2853 36.4666
