doc/error1.grd
DSAA
100 100
5.5311 94.7618
0.514358 99.0168
4.18097 96.0702
[rows 30 to 59 of 100, columns 0 to 66 of 100]
29.6401 30.6551 31.6088 32.5028 33.3386 34.1177 34.8417 35.5121 36.1303 36.6978 37.2163 37.6871 38.1118 38.492 38.8291 39.1246 39.38 39.597 39.7768 39.9212 40.0316 40.1094 40.1563 40.1737 40.1631 40.1261 40.0641 39.9787 39.8713 39.7436 39.5969 39.4329 39.253 39.0587 38.8515 38.633 38.4047 38.168 37.9246 37.6758 37.4232 37.1684 36.9128 36.6579 36.4052 36.1564 35.9128 35.676 35.4474 35.2287 35.0213 34.8268 34.6465 34.4822 34.3351 34.207 34.0992 34.0133 33.9508 33.9133 33.9021 33.9189 33.9652 34.0424 34.152 34.2957 34.4748
32.5678 33.4365 34.2463 34.9986 35.695 36.3369 36.9258 37.4634 37.9511 38.3903 38.7827 39.1297 39.4328 39.6936 39.9135 40.0941 40.2369 40.3433 40.415 40.4534 40.46 40.4363 40.3839 40.3042 40.1988 40.0692 39.9168 39.7433 39.5501 39.3387 39.1106 38.8673 38.6105 38.3414 38.0618 37.773 37.4767 37.1742 36.8672 36.557 36.2454 35.9336 35.6234 35.3161 35.0133 34.7165 34.4272 34.1469 33.8771 33.6194 33.3752 33.1461 32.9335 32.7391 32.5642 32.4104 32.2793 32.1722 32.0908 32.0366 32.011 32.0155 32.0518 32.1212 32.2254 32.3657 32.5438
35.4849 36.2085 36.8754 37.4871 38.0451 38.5508 39.0059 39.4117 39.7699 40.0819 40.3493 40.5735 40.7561 40.8986 41.0025 41.0692 41.1004 41.0975 41.062 40.9955 40.8994 40.7753 40.6247 40.449 40.2499 40.0287 39.7871 39.5265 39.2485 38.9545 38.6461 38.3247 37.9919 37.6493 37.2982 36.9402 36.5769 36.2097 35.8402 35.4698 35.1001 34.7326 34.3688 34.0102 33.6583 33.3146 32.9807 32.658 32.3481 32.0524 31.7725 31.5099 31.2661 31.0427 30.841 30.6627 30.5092 30.3821 30.2829 30.213 30.1741 30.1675 30.1948 30.2576 30.3573 30.4954 30.6735
38.3914 38.971 39.4961 39.9683 40.3889 40.7596 41.0818 41.357 41.5869 41.7727 41.9162 42.0187 42.0819 42.1071 42.096 42.05 41.9706 41.8594 41.7179 41.5476 41.3499 41.1264 40.8787 40.6081 40.3163 40.0047 39.6749 39.3284 38.9666 38.5911 38.2034 37.805 37.3974 36.9822 36.5608 36.1347 35.7055 35.2747 34.8438 34.4142 33.9876 33.5654 33.149 32.7402 32.3403 31.9508 31.5733 31.2093 30.8603 30.5278 30.2133 29.9183 29.6444 29.393 29.1656 28.9639 28.7892 28.6431 28.5271 28.4427 28.3914 28.3748 28.3943 28.4515 28.5478 28.6848 28.864
41.2873 41.724 42.1085 42.4421 42.7265 42.9632 43.1536 43.2994 43.4019 43.4627 43.4833 43.4652 43.41 43.3191 43.1941 43.0364 42.8476 42.6292 42.3827 42.1096 41.8114 41.4897 41.1459 40.7815 40.3981 39.9972 39.5803 39.1488 38.7044 38.2485 37.7826 37.3083 36.827 36.3402 35.8496 35.3565 34.8625 34.3691 33.8778 33.3902 32.9077 32.4318 31.9641 31.5061 31.0592 30.6251 30.2051 29.8009 29.4139 29.0456 28.6975 28.3713 28.0683 27.79 27.5381 27.3139 27.1191 26.9551 26.8234 26.7256 26.6631 26.6375 26.6502 26.7029 26.7969 26.9339 27.1152
44.1727 44.4676 44.7124 44.9087 45.0579 45.1617 45.2214 45.2387 45.215 45.1518 45.0507 44.9131 44.7406 44.5346 44.2967 44.0285 43.7313 43.4068 43.0564 42.6816 42.284 41.8651 41.4263 40.9692 40.4953 40.0061 39.5032 38.9879 38.4619 37.9267 37.3837 36.8344 36.2805 35.7234 35.1645 34.6055 34.0478 33.4929 32.9424 32.3978 31.8605 31.3321 30.814 30.3079 29.8152 29.3374 28.8761 28.4327 28.0088 27.6058 27.2253 26.8688 26.5378 26.2338 25.9583 25.7129 25.499 25.3181 25.1718 25.0616 24.989 24.9555 24.9626 25.0118 25.1046 25.2426 25.4272
47.0475 47.2016 47.3079 47.3679 47.3831 47.355 47.2852 47.1751 47.0262 46.8401 46.6183 46.3623 46.0735 45.7536 45.404 45.0262 44.6218 44.1922 43.739 43.2637 42.7677 42.2526 41.72 41.1712 40.6079 40.0315 39.4436 38.8457 38.2392 37.6256 37.0066 36.3836 35.7581 35.1316 34.5057 33.8818 33.2615 32.6462 32.0375 31.4369 30.8459 30.2661 29.6988 29.1457 28.6082 28.0879 27.5863 27.1048 26.645 26.2084 25.7965 25.4109 25.053 24.7243 24.4264 24.1607 23.9288 23.7322 23.5724 23.4509 23.3693 23.3289 23.3314 23.3783 23.471 23.6111 23.8001
49.9119 49.9263 49.8951 49.8199 49.7021 49.5432 49.3449 49.1085 48.8356 48.5276 48.1862 47.8128 47.409 46.9762 46.5159 46.0297 45.5191 44.9855 44.4306 43.8557 43.2625 42.6524 42.0269 41.3876 40.7359 40.0735 39.4017 38.722 38.0361 37.3455 36.6515 35.9558 35.2598 34.5651 33.8731 33.1854 32.5035 31.829 31.1632 30.5077 29.8641 29.2339 28.6185 28.0194 27.4383 26.8765 26.3356 25.8171 25.3226 24.8535 24.4113 23.9976 23.6138 23.2616 22.9423 22.6575 22.4087 22.1974 22.0252 21.8935 21.8039 21.7578 21.7568 21.8023 21.896 22.0393 22.2337
52.7657 52.6415 52.474 52.2646 52.0149 51.7264 51.4005 51.0389 50.643 50.2144 49.7545 49.2648 48.7469 48.2022 47.6324 47.0388 46.4231 45.7866 45.131 44.4578 43.7684 43.0643 42.3471 41.6183 40.8794 40.1319 39.3773 38.6171 37.8529 37.0861 36.3183 35.5509 34.7855 34.0236 33.2667 32.5164 31.774 31.0412 30.3194 29.6102 28.915 28.2355 27.573 26.9291 26.3053 25.7032 25.1241 24.5698 24.0415 23.541 23.0696 22.6289 22.2204 21.8456 21.506 21.2032 20.9386 20.7137 20.5301 20.3893 20.2928 20.242 20.2386 20.284 20.3797 20.5272 20.7281
55.609 55.3473 55.0445 54.702 54.3215 53.9044 53.4522 52.9665 52.4487 51.9004 51.323 50.7181 50.0873 49.4319 48.7535 48.0537 47.3339 46.5957 45.8405 45.0699 44.2854 43.4884 42.6806 41.8634 41.0383 40.2068 39.3705 38.5309 37.6894 36.8476 36.007 35.1691 34.3354 33.5074 32.6866 31.8746 31.0729 30.2829 29.5062 28.7443 27.9987 27.2709 26.5624 25.8748 25.2095 24.568 23.9519 23.3627 22.8019 22.271 21.7714 21.3048 20.8727 20.4764 20.1176 19.7978 19.5185 19.2811 19.0873 18.9384 18.836 18.7817 18.7769 18.8232 18.9221 19.075 19.2834
58.4419 58.0437 57.6067 57.1322 56.622 56.0773 55.4999 54.8911 54.2525 53.5856 52.8919 52.1729 51.4301 50.6651 49.8793 49.0743 48.2516 47.4126 46.5589 45.692 44.8135 43.9248 43.0274 42.1228 41.2126 40.2983 39.3814 38.4633 37.5457 36.6299 35.7176 34.8102 33.9093 33.0163 32.1328 31.2603 30.4002 29.5542 28.7236 27.9101 27.1151 26.3402 25.5868 24.8564 24.1507 23.471 22.8189 22.196 21.6036 21.0434 20.5168 20.0254 19.5706 19.1541 18.7771 18.4414 18.1484 17.8996 17.6966 17.5408 17.4337 17.3769 17.3718 17.4201 17.5231 17.6824 17.8996
61.2642 60.7307 60.1605 59.5552 58.9163 58.2452 57.5436 56.8128 56.0545 55.2701 54.4611 53.629 52.7755 51.9019 51.0098 50.1006 49.176 48.2374 47.2863 46.3243 45.3528 44.3733 43.3875 42.3967 41.4025 40.4063 39.4099 38.4145 37.4217 36.4331 35.4502 34.4744 33.5073 32.5504 31.6052 30.6732 29.756 28.8549 27.9716 27.1075 26.2643 25.4432 24.646 23.8741 23.129 22.4122 21.7252 21.0696 20.4468 19.8583 19.3058 18.7906 18.3144 17.8785 17.4845 17.134 16.8284 16.5693 16.3581 16.1964 16.0857 16.0275 16.0232 16.0745 16.1828 16.3497 16.5766
64.0762 63.4084 62.7061 61.971 61.2045 60.4081 59.5833 58.7316 57.8546 56.9538 56.0306 55.0866 54.1234 53.1423 52.1449 51.1327 50.1073 49.0701 48.0227 46.9666 45.9032 44.8341 43.7609 42.6849 41.6078 40.5309 39.456 38.3844 37.3176 36.2573 35.2048 34.1617 33.1295 32.1098 31.104 30.1136 29.1402 28.1852 27.2502 26.3367 25.4462 24.5802 23.7402 22.9278 22.1444 21.3915 20.6707 19.9835 19.3313 18.7158 18.1384 17.6005 17.1038 16.6498 16.2399 15.8756 15.5585 15.2901 15.0719 14.9054 14.7921 14.7335 14.7312 14.7866 14.9013 15.0767 15.3145
66.8776 66.0766 65.2434 64.3796 63.4865 62.5659 61.619 60.6476 59.653 58.6368 57.6006 56.5457 55.4738 54.3863 53.2847 52.1706 51.0455 49.9108 48.7682 47.619 46.4648 45.3072 44.1476 42.9876 41.8286 40.6721 39.5198 38.373 37.2333 36.1023 34.9813 33.872 32.7759 31.6943 30.629 29.5813 28.5528 27.545 26.5594 25.5976 24.6609 23.751 22.8694 22.0175 21.1969 20.409 19.6555 18.9378 18.2573 17.6158 17.0145 16.4551 15.9391 15.4679 15.0431 14.6662 14.3387 14.0621 13.8379 13.6677 13.5529 13.4951 13.4957 13.5564 13.6785 13.8636 14.1132
69.6687 68.7356 67.7725 66.781 65.7625 64.7186 63.6509 62.5607 61.4496 60.3192 59.1709 58.0062 56.8267 55.6339 54.4292 53.2143 51.9905 50.7594 49.5226 48.2815 47.0376 45.7925 44.5477 43.3046 42.0649 40.8299 39.6012 38.3804 37.1689 35.9682 34.7799 33.6054 32.4463 31.3041 30.1803 29.0765 27.994 26.9344 25.8993 24.8902 23.9085 22.9557 22.0335 21.1433 20.2865 19.4648 18.6796 17.9324 17.2248 16.5583 15.9343 15.3544 14.8201 14.3328 13.8942 13.5058 13.1689 12.8852 12.6562 12.4833 12.3682 12.3122 12.3169 12.3838 12.5144 12.7103 12.9729
72.4493 71.3852 70.2933 69.1752 68.0324 66.8664 65.6787 64.4709 63.2445 62.0008 60.7416 59.4682 58.1822 56.8851 55.5785 54.2637 52.9424 51.616 50.2861 48.9541 47.6217 46.2902 44.9612 43.6362 42.3167 41.0043 39.7004 38.4065 37.1243 35.8551 34.6004 33.3619 32.141 30.9392 29.758 28.599 27.4636 26.3534 25.2699 24.2145 23.1888 22.1944 21.2326 20.3051 19.4133 18.5588 17.743 16.9675 16.2337 15.5433 14.8977 14.2983 13.7468 13.2447 12.7934 12.3944 12.0493 11.7596 11.5268 11.3523 11.2378 11.1847 11.1946 11.2689 11.4091 11.6168 11.8935
75.2196 74.0255 72.8058 71.5622 70.2962 69.0092 67.7027 66.3783 65.0375 63.6818 62.3127 60.9317 59.5403 58.14 56.7324 55.319 53.9012 52.4806 51.0586 49.6369 48.2169 46.8001 45.388 43.9822 42.5841 41.1953 39.8172 38.4515 37.0995 35.7629 34.443 33.1415 31.8598 30.5995 29.3621 28.149 26.9618 25.802 24.6711 23.5706 22.502 21.4669 20.4667 19.503 18.5772 17.691 16.8457 16.0429 15.2841 14.5709 13.9047 13.287 12.7194 12.2034 11.7404 11.3321 10.9798 10.6851 10.4496 10.2747 10.1619 10.1128 10.1289 10.2116 10.3626 10.5832 10.875
77.9794 76.6564 75.3102 73.9422 72.5539 71.147 69.7228 68.2829 66.8289 65.3621 63.8842 62.3967 60.901 59.3986 57.8911 56.3801 54.8669 53.3531 51.8402 50.3298 48.8233 47.3223 45.8282 44.3426 42.867 41.4029 39.9518 38.5152 37.0946 35.6916 34.3076 32.9442 31.6029 30.2851 28.9925 27.7264 26.4885 25.2801 24.1029 22.9584 21.848 20.7733 19.7358 18.737 17.7783 16.8614 15.9877 15.1587 14.376 13.6411 12.9554 12.3205 11.7378 11.209 10.7355 10.3188 9.96043 9.66191 9.42474 9.25044 9.14052 9.09649 9.11985 9.21212 9.37481 9.60943 9.91749
80.7289 79.2781 77.8063 76.3149 74.8056 73.2798 71.739 70.1847 68.6185 67.0418 65.4562 63.8632 62.2642 60.6609 59.0546 57.447 55.8395 54.2336 52.6309 51.0329 49.441 47.8569 46.2819 44.7176 43.1655 41.6272 40.1041 38.5977 37.1097 35.6413 34.1943 32.7701 31.3701 29.996 28.6492 27.3313 26.0437 24.7879 23.5655 22.378 21.2269 20.1137 19.0399 18.007 17.0166 16.0701 15.1691 14.315 13.5094 12.7538 12.0497 11.3986 10.8021 10.2615 9.77852 9.35458 8.99121 8.68991 8.45219 8.27958 8.17357 8.13569 8.16743 8.27031 8.44585 8.69555 9.02092
83.468 81.8905 80.2942 78.6806 77.0513 75.4076 73.7513 72.0837 70.4064 68.7208 67.0286 65.3312 63.6301 61.9268 60.2229 58.5198 56.819 55.1222 53.4307 51.7462 50.07 48.4037 46.7489 45.107 43.4796 41.8681 40.2741 38.6991 37.1446 35.6121 34.1031 32.6191 31.1616 29.7322 28.3324 26.9636 25.6274 24.3253 23.0588 21.8294 20.6387 19.4881 18.3791 17.3132 16.2921 15.3171 14.3898 13.5117 12.6843 11.9092 11.1877 10.5216 9.91212 9.36095 8.86956 8.43946 8.07215 7.76915 7.53197 7.36212 7.26111 7.23045 7.27166 7.38624 7.5757 7.84156 8.18533
86.1968 84.4937 82.7739 81.0392 79.2909 77.5306 75.7597 73.9799 72.1926 70.3993 68.6015 66.8007 64.9986 63.1964 61.3959 59.5984 57.8055 56.0188 54.2396 52.4696 50.7102 48.963 47.2294 45.511 43.8093 42.1257 40.4619 38.8193 37.1994 35.6038 34.0339 32.4912 30.9773 29.4937 28.0419 26.6234 25.2397 23.8924 22.5828 21.3127 20.0833 18.8964 17.7533 16.6556 15.6048 14.6024 13.6499 12.7489 11.9008 11.1071 10.3695 9.68926 9.06805 8.50733 8.00862 7.57343 7.20327 6.89965 6.66409 6.49808 6.40315 6.3808 6.43255 6.55991 6.76438 7.04748 7.41071
88.9153 87.0875 85.2455 83.3907 81.5245 79.6486 77.7643 75.8733 73.9771 72.0771 70.1748 68.2719 66.3697 64.4698 62.5737 60.6829 58.799 56.9234 55.0576 53.2032 51.3617 49.5346 47.7233 45.9295 44.1545 42.4 40.6675 38.9583 37.2742 35.6165 33.9868 32.3865 30.8173 29.2806 27.7779 26.3108 24.8806 23.4891 22.1376 20.8277 19.5609 18.3386 17.1625 16.034 14.9547 13.926 12.9494 12.0265 11.1588 10.3477 9.59489 8.90175 8.26984 7.70065 7.19571 6.75652 6.38459 6.08143 5.84855 5.68748 5.5997 5.58675 5.65012 5.79133 6.01189 6.31331 6.6971
91.6234 89.6722 87.7089 85.7351 83.7521 81.7616 79.7651 77.764 75.7599 73.7543 71.7487 69.7446 67.7435 65.7469 63.7563 61.7734 59.7994 57.8361 55.8848 53.9471 52.0245 50.1186 48.2307 46.3625 44.5154 42.691 40.8908 39.1163 37.3689 35.6502 33.9618 32.305 30.6816 29.0928 27.5403 26.0256 24.5501 23.1155 21.7231 20.3746 19.0713 17.8149 16.6069 15.4487 14.3418 13.2879 12.2883 11.3446 10.4583 9.63096 8.86403 8.15905 7.51751 6.94094 6.43084 5.98873 5.6161 5.31449 5.08539 4.93032 4.85079 4.8483 4.92438 5.08052 5.31825 5.63907 6.0445
94.3212 92.2476 90.1642 88.0724 85.9738 83.8698 81.7621 79.652 77.5411 75.431 73.323 71.2188 69.1199 67.0277 64.9438 62.8697 60.8068 58.7568 56.7211 54.7012 52.6986 50.7149 48.7516 46.8101 44.892 42.9988 41.1319 39.293 37.4836 35.705 33.9589 32.2468 30.5701 28.9304 27.3292 25.7679 24.2482 22.7715 21.3394 19.9533 18.6147 17.3252 16.0863 14.8995 13.7662 12.6881 11.6666 10.7032 9.79944 8.95685 8.17692 7.46116 6.81108 6.2282 5.71403 5.27007 4.89784 4.59885 4.37461 4.22662 4.15641 4.16548 4.25534 4.4275 4.68348 5.02479 5.45292
97.0087 94.8138 92.6113 90.4027 88.1894 85.9731 83.7552 81.5372 79.3206 77.107 74.8979 72.6947 70.499 68.3123 66.1361 63.9719 61.8213 59.6856 57.5666 55.4655 53.3841 51.3237 49.2859 47.2722 45.2842 43.3232 41.3909 39.4887 37.6182 35.7808 33.9782 32.2117 30.4829 28.7933 27.1444 25.5378 23.9749 22.4573 20.9864 19.5638 18.191 16.8695 15.6008 14.3864 13.2279 12.1267 11.0843 10.1023 9.18215 8.3254 7.53355 6.8081 6.15056 5.56246 5.04529 4.60057 4.22981 3.93452 3.71622 3.5764 3.51659 3.53829 3.64302 3.83228 4.10759 4.47046 4.92239
99.686 97.3709 95.0503 92.7259 90.3992 88.0715 85.7445 83.4197 81.0985 78.7826 76.4733 74.1722 71.8808 69.6007 67.3333 65.0801 62.8427 60.6226 58.4212 56.2401 54.0809 51.9449 49.8338 47.749 45.692 43.6644 41.6676 39.7033 37.7728 35.8777 34.0196 32.1998 30.42 28.6816 26.9862 25.3353 23.7303 22.1728 20.6643 19.2063 17.8003 16.4479 15.1505 13.9096 12.7268 11.6036 10.5414 9.54189 8.60646 7.73663 6.93394 6.19988 5.53597 4.94371 4.42463 3.98023 3.61203 3.32152 3.11023 2.97967 2.93134 2.96675 3.08743 3.29487 3.59059 3.9761 4.45291
102.353 99.9187 97.4813 95.0422 92.6029 90.1651 87.7301 85.2995 82.8748 80.4576 78.0492 75.6513 73.2653 70.8928 68.5353 66.1942 63.8712 61.5676 59.285 57.025 54.789 52.5785 50.3951 48.2403 46.1155 44.0223 41.9622 39.9368 37.9474 35.9957 34.0831 32.2112 30.3814 28.5954 26.8545 25.1603 23.5143 21.918 20.3729 18.8806 17.4425 16.0602 14.7352 13.469 12.263 11.1189 10.038 9.02204 8.07238 7.19056 6.3781 5.63651 4.9673 4.37199 3.85208 3.40908 3.0445 2.75986 2.55667 2.43643 2.40067 2.45088 2.58858 2.81528 3.13249 3.54173 4.0445
105.01 102.457 99.9041 97.3514 94.8008 92.2538 89.7119 87.1766 84.6495 82.132 79.6257 77.1321 74.6526 72.1888 69.7422 67.3143 64.9067 62.5207 60.1581 57.8201 55.5085 53.2246 50.97 48.7462 46.5547 44.397 42.2747 40.1892 38.1421 36.1348 34.1689 32.2458 30.3672 28.5345 26.7492 25.0128 23.3269 21.6929 20.1124 18.5868 17.1178 15.7067 14.3551 13.0646 11.8365 10.6726 9.57412 8.54274 7.57992 6.68719 5.86605 5.11802 4.44459 3.84729 3.32763 2.88711 2.52725 2.24956 2.05554 1.94672 1.92459 1.99068 2.14649 2.39353 2.73332 3.16736 3.69716
107.656 104.987 102.319 99.6536 96.9927 94.3377 91.69 89.0511 86.4226 83.806 81.2028 78.6145 76.0425 73.4885 70.954 68.4404 65.9492 63.482 61.0403 58.6256 56.2393 53.8831 51.5584 49.2667 47.0096 44.7885 42.605 40.4606 38.3567 36.2949 34.2768 32.3037 30.3773 28.4991 26.6704 24.893 23.1682 21.4976 19.8827 18.325 16.826 15.3872 14.0102 12.6964 11.4474 10.2646 9.14967 8.10399 7.12911 6.22655 5.39781 4.6444 3.96784 3.36964 2.85131 2.41435 2.06028 1.79062 1.60686 1.51053 1.50313 1.58617 1.76117 2.02963 2.39307 2.853 3.41092
110.292 107.507 104.726 101.949 99.1788 96.4167 93.6643 90.9229 88.1941 85.4795 82.7804 80.0985 77.4352 74.7921 72.1707 69.5724 66.9988 64.4515 61.9318 59.4413 56.9816 54.5541 52.1604 49.8019 47.4802 45.1968 42.9532 40.7509 38.5914 36.4762 34.4069 32.3849 30.4118 28.4891 26.6182 24.8008 23.0382 21.332 19.6838 18.095 16.5672 15.1018 13.7004 12.3645 11.0956 9.89513 8.76471 7.70581 6.71995 5.80864 4.97338 4.21568 3.53707 2.93905 2.42312 1.99081 1.64362 1.38306 1.21064 1.12788 1.13629 1.23737 1.43264 1.7236 2.11178 2.59867 3.18579
