doc/error.grd
DSAA
50 50
1.04092 98.4106
0.295725 99.5502
2.06254 97.0042
122.011 111.566 101.955 93.1498 85.1196 77.8353 71.2675 65.3865 60.163 55.5674 
51.5703 48.1421 45.2533 42.8745 40.9762 39.5288 38.5029 37.869 37.5976 37.6591 
38.0241 38.6632 39.5467 40.6452 41.9293 43.3694 44.9359 46.5996 48.3307 50.0999 
51.8776 53.6344 55.3407 56.9671 58.4841 59.8621 61.0717 62.0834 62.8677 63.395 
63.636 63.561 63.1407 62.3455 61.1459 59.5124 57.4155 54.8258 51.7137 48.0498 
119.163 108.616 98.9067 90.0051 81.8819 74.5074 67.8523 61.8869 56.5818 51.9076 
47.8346 44.3335 41.3747 38.9288 36.9661 35.4574 34.3729 33.6834 33.3591 33.3708 
33.6888 34.2837 35.126 36.1861 37.4347 38.8421 40.3789 42.0157 43.7228 45.4709 
47.2304 48.9718 50.6657 52.2825 53.7927 55.1669 56.3755 57.3891 58.1782 58.7132 
58.9647 58.9032 58.4991 57.7231 56.5455 54.937 52.8679 50.3089 47.2304 43.6029 
116.601 105.955 96.1493 87.1541 78.94 71.4776 64.7374 58.6898 53.3055 48.5548 
44.4083 40.8365 37.8099 35.299 33.2744 31.7064 30.5657 29.8227 29.448 29.412 
29.6852 30.2382 31.0415 32.0655 33.2808 34.6578 36.1672 37.7793 39.4647 41.1939 
42.9374 44.6657 46.3493 47.9587 49.4645 50.8371 52.047 53.0647 53.8608 54.4057 
54.67 54.6242 54.2387 53.4841 52.3308 50.7494 48.7104 46.1843 43.1416 39.5528 
114.316 103.573 93.6724 84.5857 76.283 68.7349 61.9118 55.7843 50.3229 45.498 
41.2802 37.64 34.5479 31.9743 29.8899 28.265 27.0702 26.2761 25.8531 25.7717 
26.0024 26.5157 27.2822 28.2723 29.4566 30.8055 32.2896 33.8793 35.5452 37.2578 
38.9875 40.705 42.3806 43.9849 45.4884 46.8616 48.0751 49.0992 49.9046 50.4617 
50.741 50.713 50.3483 49.6174 48.4907 46.9387 44.932 42.4411 39.4365 35.8886 
112.295 101.457 91.4647 82.2888 73.8998 66.2682 59.3646 53.1594 47.6231 42.7263 
38.4394 34.733 31.5776 28.9436 26.8016 25.1221 23.8755 23.0325 22.5634 22.4388 
22.6292 23.1052 23.8371 24.7956 25.9511 27.2741 28.7352 30.3048 31.9534 33.6516 
35.3698 37.0787 38.7485 40.35 41.8535 43.2296 44.4488 45.4816 46.2985 46.87 
47.1666 47.1588 46.8171 46.112 45.0141 43.4938 41.5217 39.0682 36.1038 32.5991 
110.528 99.5975 89.5153 80.2524 71.7794 64.0666 57.0846 50.804 45.1951 40.2286 
35.8749 32.1046 28.8881 26.1959 23.9986 22.2666 20.9705 20.0808 19.5679 19.4024 
19.5548 19.9956 20.6952 21.6243 22.7533 24.0527 25.4929 27.0446 28.6783 30.3643 
32.0733 33.7757 35.4421 37.0429 38.5487 39.9299 41.1571 42.2008 43.0315 43.6196 
43.9357 43.9503 43.6339 42.957 41.8901 40.4038 38.4684 36.0546 33.1328 29.6735 
109.004 97.983 87.8132 78.4656 69.9107 62.119 55.0609 48.7071 43.0279 37.9939 
33.5757 29.7436 26.4683 23.7202 21.4698 19.6876 18.3442 17.4101 16.8556 16.6515 
16.7681 17.1759 17.8455 18.7474 19.8521 21.1301 22.5519 24.0879 25.7088 27.3849 
29.0869 30.7852 32.4503 34.0527 35.563 36.9516 38.1891 39.2459 40.0925 40.6995 
41.0374 41.0767 40.7878 40.1413 39.1077 37.6575 35.7611 33.3892 30.5122 27.1006 
107.712 96.6026 86.3474 76.9174 68.2829 60.4144 53.2825 46.8577 41.1104 36.0112 
31.5306 27.6391 24.3072 21.5054 19.2042 17.3741 15.9856 15.0093 14.4155 14.175 
14.258 14.6352 15.277 16.154 17.2366 18.4954 19.9009 21.4236 23.0339 24.7024 
26.3996 28.096 29.7621 31.3684 32.8854 34.2836 35.5336 36.6058 37.4707 38.0988 
38.4607 38.5268 38.2677 37.6539 36.6558 35.244 33.3889 31.0611 28.2312 24.8695 
106.641 95.4451 85.1069 75.5966 66.8847 58.9418 51.7383 45.2447 39.4316 34.2695 
29.7288 25.7801 22.3938 19.5406 17.1908 15.315 13.8837 12.8674 12.2366 11.9618 
12.0136 12.3623 12.9786 13.8329 14.8958 16.1376 17.5291 19.0406 20.6426 22.3057 
24.0004 25.6971 27.3665 28.9789 30.5049 31.915 33.1796 34.2694 35.1548 35.8064 
36.1945 36.2898 36.0627 35.4837 34.5234 33.1522 31.3407 29.0593 26.2786 22.9691 
105.779 94.4997 84.0806 74.4923 65.7053 57.6901 50.4173 43.8573 37.9806 32.7577 
28.1592 24.1555 20.7172 17.8147 15.4186 13.4993 12.0274 10.9735 10.3078 10.0011 
10.0238 10.3464 10.9393 11.7732 12.8185 14.0457 15.4253 16.9279 18.5239 20.1839 
21.8783 23.5776 25.2524 26.8732 28.4104 29.8346 31.1163 32.2259 33.1341 33.8112 
34.2278 34.3545 34.1616 33.6198 32.6995 31.3712 29.6054 27.3727 24.6435 21.3884 
105.116 93.7553 83.2575 73.5935 64.7336 56.6485 49.3085 42.6842 36.7462 31.4648 
26.8107 22.7543 19.2661 16.3167 13.8765 11.916 10.4058 9.31638 8.61819 8.28177 
8.27762 8.57625 9.14815 9.96385 10.9938 12.2086 13.5787 15.0746 16.6668 18.3258 
20.0222 21.7264 23.4089 25.0402 26.5909 28.0315 29.3324 30.4641 31.3973 32.1023 
32.5497 32.7099 32.5536 32.0511 31.173 29.8899 28.1721 25.9903 23.3149 20.1164 
104.641 93.2008 82.6267 72.8891 63.9586 55.8057 48.4009 41.7146 35.7175 30.3799 
25.6724 21.5655 18.0298 15.0356 12.5535 10.5541 9.00784 7.88518 7.15666 6.79278 
6.76406 7.04098 7.59407 8.39382 9.41075 10.6153 11.9781 13.4696 15.0602 16.7206 
18.4212 20.1324 21.8249 23.4691 25.0355 26.4946 27.817 28.9731 29.9335 30.6686 
31.149 31.3451 31.2275 30.7666 29.9331 28.6973 27.0298 24.9011 22.2817 19.1421 
104.342 92.8252 82.177 72.3682 63.3693 55.1509 47.6834 40.9374 34.8834 29.4918 
24.7332 20.5781 16.997 13.9604 11.4387 9.40259 7.82245 6.66883 5.91222 5.52313 
5.47208 5.72955 6.26606 7.05212 8.05822 9.25488 10.6126 12.1019 13.6932 15.3572 
17.0642 18.7847 20.4894 22.1487 23.7331 25.2131 26.5592 27.7419 28.7317 29.4992 
30.0148 30.249 30.1724 29.7554 28.9686 27.7824 26.1674 24.0941 21.5329 18.4544 
104.21 92.6176 81.8975 72.0197 62.9547 54.673 47.1452 40.3417 34.233 28.7897 
23.9822 19.7811 16.1569 13.08 10.521 8.45039 6.83866 5.65631 4.87386 4.46181 
4.39067 4.63093 5.15311 5.92772 6.92525 8.11621 9.4711 10.9604 12.5547 14.2245 
15.9402 17.6723 19.3915 21.0681 22.6726 24.1757 25.5478 26.7593 27.7809 28.5829 
29.136 29.4106 29.3772 29.0063 28.2685 27.1342 25.5739 23.5582 21.0575 18.0424 
104.231 92.5669 81.7771 71.8326 62.7037 54.361 46.775 39.9162 33.7552 28.2624 
23.4083 19.1635 15.4983 12.3835 9.78938 7.68653 6.04544 4.83662 4.03057 3.5978 
3.50881 3.73411 4.2442 5.0096 6.00079 7.1883 8.54263 10.0343 11.6337 13.3115 
15.0382 16.7841 18.52 20.2161 21.8432 23.3716 24.7718 26.0145 27.07 27.9089 
28.5017 28.8188 28.8309 28.5084 27.8218 26.7416 25.2383 23.2825 20.8445 17.8951 
104.397 92.6621 81.8049 71.7958 62.6053 54.2038 46.562 39.6502 33.439 27.8989 
23.0005 18.7141 15.0104 11.8598 9.23282 7.09998 5.43178 4.19872 3.37132 2.92007 
2.81548 3.02806 3.52832 4.28674 5.27386 6.46015 7.81615 9.31234 10.9192 12.6073 
14.3471 16.1092 17.8639 19.5819 21.2337 22.7896 24.2203 25.4963 26.588 27.466 
28.1007 28.4628 28.5226 28.2506 27.6175 26.5937 25.1496 23.2559 20.8829 18.0013 
104.695 92.8922 81.9699 71.8985 62.6485 54.1905 46.495 39.5325 33.2734 27.6883 
22.7477 18.4221 14.682 11.4979 8.84031 6.67973 4.98666 3.73161 2.8851 2.41762 
2.29968 2.50178 2.99443 3.74814 4.73341 5.92075 7.28065 8.78363 10.4002 12.1008 
13.8561 15.6364 17.4124 19.1544 20.8331 22.4189 23.8823 25.1938 26.324 27.2433 
27.9222 28.3313 28.4411 28.222 27.6446 26.6793 25.2968 23.4674 21.1617 18.3502 
105.115 93.2461 82.2609 72.1294 62.8223 54.3101 46.5632 39.5521 33.2474 27.6195 
22.639 18.2764 14.5022 11.2868 8.60084 6.41475 4.69906 3.42428 2.56089 2.07943 
1.95037 2.14424 2.63154 3.38277 4.36844 5.55906 6.92512 8.43714 10.0656 11.7811 
13.554 15.3549 17.1542 18.9226 20.6304 22.2483 23.7466 25.096 26.2668 27.2297 
27.9551 28.4135 28.5755 28.4115 27.892 26.9876 25.6688 23.906 21.6698 18.9306 
105.645 93.7129 82.667 72.4778 63.1158 54.5515 46.7554 39.698 33.3499 27.6815 
22.6634 18.266 14.4599 11.2155 8.50339 6.29405 4.55798 3.26569 2.38769 1.89447 
1.75655 1.94444 2.42862 3.17962 4.16794 5.36408 6.73854 8.26184 9.90447 11.637 
13.4298 15.2535 17.0785 18.8754 20.6147 22.2668 23.8023 25.1917 26.4055 27.4142 
28.1883 28.6983 28.9148 28.8081 28.3488 27.5075 26.2546 24.5607 22.3962 19.7316 
106.275 94.2815 83.1772 72.9324 63.5177 54.9036 47.0606 39.9593 33.57 27.8633 
22.8098 18.3799 14.5441 11.2729 8.53694 6.30659 4.55238 3.24484 2.35445 1.85174 
1.7072 1.89134 2.37466 3.12767 4.12088 5.32478 6.70989 8.24672 9.90575 11.6575 
13.4725 15.3212 17.1742 19.0019 20.7748 22.4635 24.0384 25.4702 26.7291 27.7859 
28.6109 29.1747 29.4479 29.4008 29.004 28.228 27.0433 25.4204 23.3299 20.7421 
106.993 94.941 83.7804 73.4823 64.0172 55.3556 47.4679 40.3248 33.8966 28.1539 
23.0672 18.607 14.7438 11.4481 8.69048 6.44135 4.67126 3.3507 2.45019 1.94022 
1.7913 1.97394 2.45864 3.2159 4.21624 5.43016 6.82816 8.38075 10.0584 11.8317 
13.6711 15.5471 17.4302 19.2909 21.0998 22.8273 24.4439 25.9202 27.2266 28.3336 
29.2118 29.8317 30.1638 30.1785 29.8464 29.138 28.0237 26.4742 24.4599 21.9512 
107.79 95.6802 84.4657 74.1166 64.6033 55.8963 47.9662 40.7835 34.3187 28.5422 
23.4246 18.9363 15.048 11.73 8.95299 6.68734 4.9036 3.57227 2.66387 2.14888 
1.99783 2.18121 2.66953 3.4333 4.44302 5.66919 7.08233 8.65293 10.3515 12.1486 
14.0146 15.9201 17.8356 19.7316 21.5786 23.3472 25.0077 26.5308 27.8868 29.0464 
29.9801 30.6583 31.0515 31.1303 30.8651 30.2265 29.185 27.711 25.7751 23.3478 
108.652 96.4882 85.222 74.8241 65.2648 56.5148 48.5446 41.3245 34.8252 29.0172 
23.8709 19.3569 15.4456 12.1077 9.31344 7.03352 5.23837 3.89852 2.98447 2.46672 
2.31578 2.50215 2.99634 3.76885 4.79019 6.03086 7.46138 9.05224 10.7739 12.597 
14.4919 16.4292 18.3794 20.3129 22.2003 24.0121 25.7188 27.2909 28.6989 29.9133 
30.9046 31.6434 32.1 32.2451 32.0491 31.4826 30.516 29.1198 27.2646 24.9209 
109.57 97.3539 86.0383 75.5938 65.9909 57.2 49.1918 41.9368 35.4053 29.5679 
24.3952 19.8577 15.9257 12.57 9.76084 7.46887 5.66458 4.31845 3.40099 2.88272 
2.73413 2.92573 3.42803 4.21153 5.24674 6.50416 7.95429 9.56765 11.3147 13.1661 
15.0921 17.0634 19.0505 21.0238 22.9538 24.8112 26.5663 28.1896 29.6518 30.9232 
31.9744 32.776 33.2983 33.5119 33.3874 32.8951 32.0057 30.6896 28.9174 26.6595 
110.533 98.2665 86.9036 76.4148 66.7704 57.941 49.8971 42.6092 36.0478 30.1834 
24.9865 20.4276 16.4773 13.1059 10.2842 7.9824 6.17118 4.82102 3.90241 3.38585 
3.24186 3.44094 3.9536 4.75033 5.80165 7.07805 8.55006 10.1882 11.9629 13.8447 
15.8041 17.8117 19.8379 21.8532 23.8281 25.7332 27.539 29.2159 30.7344 32.0652 
33.1785 34.0451 34.6353 34.9198 34.8689 34.4532 33.6432 32.4094 30.7224 28.5525 
111.529 99.2147 87.8069 77.276 67.5924 58.7267 50.6493 43.3308 36.7417 30.8525 
25.6337 21.0557 17.0892 13.7046 10.8724 8.56306 6.74718 5.39522 4.4777 3.96511 
3.82796 4.03676 4.56201 5.37422 6.4439 7.74154 9.23765 10.9027 12.7073 14.6219 
16.6169 18.663 20.7306 22.7901 24.8122 26.7673 28.626 30.3586 31.9358 33.3281 
34.5059 35.4397 36.1001 36.4576 36.4826 36.1457 35.4174 34.2682 32.6685 30.589 
112.547 100.188 88.7371 78.1663 68.4458 59.546 51.4374 44.0906 37.4761 31.5643 
26.3258 21.731 17.7506 14.3549 11.5145 9.19986 7.38155 6.03005 5.11585 4.60947 
4.48141 4.70218 5.24227 6.0722 7.16247 8.48359 10.0061 11.7004 13.5371 15.4866 
17.5196 19.6064 21.7175 23.8236 25.8951 27.9025 29.8162 31.6069 33.245 34.701 
35.9455 36.9488 37.6816 38.1144 38.2176 37.9617 37.3173 36.2549 34.7449 32.7579 
113.577 101.174 89.6833 79.0749 69.3196 60.388 52.2505 44.8776 38.2398 32.3077 
27.0518 22.4424 18.4503 15.0458 12.1994 9.88177 8.06328 6.71447 5.80585 5.30793 
5.1912 5.42617 5.98335 6.83325 7.94636 9.2932 10.8443 12.5701 14.4411 16.4279 
18.5009 20.6307 22.7878 24.9426 27.0657 29.1276 31.0987 32.9497 34.6509 36.1729 
37.4862 38.5614 39.3688 39.8791 40.0627 39.8901 39.3319 38.3585 36.9404 35.0482 
114.608 102.164 90.6344 79.9906 70.2029 61.2417 53.0774 45.6807 39.022 33.0718 
27.8006 23.179 19.1774 15.7663 12.9163 10.5978 8.78135 7.43748 6.53668 6.04945 
5.9463 6.19772 6.77424 7.64634 8.78454 10.1593 11.7413 13.5008 15.4084 17.4347 
19.5501 21.7251 23.9303 26.1361 28.313 30.4317 32.4624 34.3759 36.1425 37.7328 
39.1172 40.2664 41.1507 41.7408 42.007 41.92 41.4501 40.568 39.2441 37.4489 
115.628 103.145 91.5794 80.9025 71.0846 62.096 53.9073 46.4889 39.8115 33.8455 
28.5613 23.9296 19.9208 16.5054 13.6539 11.3369 9.52474 8.18806 7.29732 6.82303 
6.73569 7.00582 7.60391 8.50046 9.666 11.071 12.686 14.4815 16.428 18.496 
20.656 22.8785 25.134 27.393 29.6261 31.8037 33.8963 35.8745 37.7088 39.3696 
40.8274 42.0528 43.0163 43.6883 44.0395 44.0402 43.661 42.8724 41.6449 39.949 
116.626 104.106 92.5072 81.7995 71.9536 62.9399 54.729 47.2913 40.5974 34.6177 
29.3229 24.6833 20.6695 17.2521 14.4014 12.088 10.2824 8.95518 8.07675 7.61765 
7.54838 7.83944 8.46135 9.3846 10.5797 12.0172 13.6675 15.5012 17.4888 19.6007 
21.8076 24.0798 26.3879 28.7024 30.9939 33.2327 35.3895 37.4346 39.3387 41.0723 
42.6057 43.9096 44.9545 45.7108 46.1491 46.2398 45.9535 45.2607 44.1319 42.5375 
117.591 105.037 93.407 82.6707 72.799 63.7624 55.5315 48.0767 41.3686 35.3776 
30.0743 25.4291 21.4126 17.9953 15.1477 12.8402 11.0434 9.72784 8.86396 8.42229 
8.37332 8.68758 9.33555 10.2877 11.5147 12.9868 14.6747 16.5489 18.5798 20.738 
22.9939 25.3181 27.681 30.0533 32.4053 34.7076 36.9307 39.0451 41.0214 42.8299 
44.4412 45.8259 46.9544 47.7972 48.3248 48.5078 48.3167 47.7219 46.6939 45.2033 
118.513 105.927 94.2676 83.5049 73.6097 64.5525 56.3039 48.8342 42.1141 36.114 
30.8045 26.156 22.139 18.7241 15.8817 13.5824 11.7967 10.495 9.64793 9.22593 
9.19952 9.5392 10.2155 11.1989 12.4599 13.969 15.6967 17.6135 19.69 21.8966 
24.2039 26.5823 29.0023 31.4346 33.8494 36.2175 38.5092 40.6951 42.7456 44.6314 
46.3228 47.7905 49.0048 49.9364 50.5557 50.8332 50.7394 50.2448 49.32 47.9355 
119.381 106.765 95.078 84.2912 74.3748 65.2992 57.0351 49.5528 42.8229 36.816 
31.5025 26.8528 22.8376 19.4274 16.5925 14.3036 12.5312 11.2457 10.4176 10.0176 
10.016 10.3833 11.0901 12.1069 13.4042 14.9525 16.7223 18.6841 20.8084 23.0657 
25.4266 27.8614 30.3408 32.8352 35.3152 37.7512 40.1137 42.3734 44.5005 46.4658 
48.2396 49.7925 51.0949 52.1175 52.8306 53.2049 53.2107 52.8187 51.9992 50.7229 
120.182 107.539 95.8273 85.0186 75.0832 65.9915 57.7141 50.2214 43.4841 37.4725 
32.1572 27.5087 23.4975 20.0942 17.2691 14.9929 13.2359 11.9689 11.1621 10.7862 
10.8116 11.2089 11.9485 13.001 14.3368 15.9266 17.7407 19.7496 21.924 24.2343 
26.6509 29.1445 31.6854 34.2443 36.7916 39.2978 41.7334 44.069 46.275 48.322 
50.1804 51.8208 53.2136 54.3294 55.1386 55.6119 55.7196 55.4323 54.7205 53.5547 
120.907 108.238 96.5044 85.676 75.7238 66.6182 58.3298 50.8291 44.0864 38.0725 
32.7577 28.1126 24.1077 20.7135 17.9004 15.6391 13.8999 12.6535 11.8702 11.5207 
11.5754 12.0049 12.7795 13.8699 15.2466 16.88 18.7406 20.799 23.0257 25.3912 
27.8659 30.4204 33.0252 35.6507 38.2676 40.8463 43.3572 45.771 48.0581 50.1891 
52.1343 53.8644 55.3498 56.5611 57.4687 58.0432 58.255 58.0747 57.4727 56.4197 
121.545 108.852 97.0982 86.2525 76.2858 67.1685 58.8714 51.3647 44.6191 38.605 
33.293 28.6535 24.6571 21.2742 18.4754 16.2312 14.5121 13.2886 12.5311 12.2102 
12.2965 12.7603 13.5723 14.7028 16.1225 17.8018 19.7113 21.8214 24.1026 26.5255 
29.0605 31.6782 34.349 37.0435 39.7322 42.3856 44.9741 47.4684 49.8388 52.0559 
54.0903 55.9123 57.4926 58.8016 59.8098 60.4878 60.8059 60.7349 60.245 59.307 
122.083 109.37 97.5979 86.737 76.7579 67.6313 59.3276 51.8173 45.071 39.059 
33.752 29.1204 25.1347 21.7655 18.9832 16.7583 15.0615 13.8631 13.1336 12.8436 
12.9637 13.4641 14.3156 15.4886 16.9536 18.681 20.6415 22.8055 25.1436 27.6261 
30.2237 32.9068 35.646 38.4117 41.1744 43.9047 46.5731 49.15 51.606 53.9116 
56.0373 57.9536 59.6309 61.0399 62.151 62.9346 63.3614 63.4018 63.0263 62.2055 
122.512 109.78 97.9922 87.1184 77.1294 67.9956 59.6876 52.1759 45.431 39.4234 
34.1236 29.5021 25.5295 22.1761 19.4126 17.2094 15.537 14.366 13.6668 13.41 
13.566 14.1054 14.9986 16.2163 17.7288 19.5066 21.5204 23.7406 26.1376 28.6821 
31.3445 34.0953 36.905 39.7441 42.5832 45.3927 48.1431 50.805 53.3488 55.7451 
57.9644 59.9771 61.7538 63.2649 64.4811 65.3727 65.9104 66.0645 65.8056 65.1043 
122.82 110.072 98.2704 87.3859 77.389 68.2504 59.9404 52.4295 45.6883 39.6873 
34.397 29.7879 25.8304 22.4952 19.7527 17.5733 15.9277 14.7863 14.1196 13.8982 
14.0925 14.673 15.6103 16.8748 18.4371 20.2676 22.3369 24.6155 27.0738 29.6824 
32.4119 35.2326 38.1151 41.0299 43.9475 46.8384 49.6732 52.4222 55.0561 57.5454 
59.8604 61.9719 63.8501 65.4657 66.7892 67.7911 68.4418 68.7119 68.5719 67.9922 
122.997 110.234 98.4212 87.5283 77.5259 68.3846 60.0748 52.567 45.8318 39.8397 
34.5611 29.9665 26.0266 22.7117 19.9924 17.8392 16.2225 15.113 14.4811 14.2973 
14.532 15.156 16.1395 17.4531 19.0674 20.9529 23.0799 25.4192 27.941 30.6161 
33.4148 36.3076 39.2652 42.2579 45.2563 48.2309 51.1522 53.9907 56.717 59.3014 
61.7145 63.9269 65.909 67.6313 69.0643 70.1786 70.9447 71.333 71.3141 70.8584 
123.03 110.256 98.4337 87.5347 77.529 68.3872 60.0799 52.5775 45.8505 39.8694 
34.6048 30.0271 26.1068 22.8146 20.1207 17.9959 16.4105 15.3351 14.7401 14.5962 
14.8737 15.5433 16.5753 17.9403 19.6089 21.5515 23.7386 26.1407 28.7283 31.472 
34.3422 37.3095 40.3444 43.4172 46.4987 49.5592 52.5693 55.4995 58.3203 61.0021 
63.5156 65.8311 67.9193 69.7505 71.2954 72.5244 73.408 73.9168 74.0212 73.6918 
122.91 110.126 98.297 87.3939 77.3872 68.2473 59.9446 52.4498 45.7333 39.7655 
34.5171 29.9585 26.0603 22.7928 20.1267 18.0325 16.4806 15.4415 14.8858 14.784 
15.1065 15.8239 16.9067 18.3254 20.0504 22.0524 24.3017 26.769 29.4246 32.2392 
35.1832 38.2272 41.3415 44.4968 47.6636 50.8122 53.9134 56.9375 59.855 62.6366 
65.2526 67.6736 69.87 71.8125 73.4714 74.8174 75.8208 76.4523 76.6823 76.4813 
122.625 109.833 97.9999 87.0952 77.0896 67.9537 59.658 52.173 45.4692 39.517 
34.2871 29.7498 25.8758 22.6354 19.9993 17.9379 16.4217 15.4212 14.907 14.8496 
15.2193 15.9868 17.1226 18.5972 20.381 22.4445 24.7584 27.293 30.019 32.9067 
35.9267 39.0495 42.2457 45.4856 48.7399 51.979 55.1734 58.2937 61.3103 64.1937 
66.9145 69.4432 71.7502 73.8061 75.5814 77.0465 78.172 78.9284 79.2862 79.2159 
122.164 109.367 97.5314 86.6273 76.6251 67.4956 59.2091 51.7361 45.0472 39.1129 
33.9036 29.39 25.5424 22.3314 19.7275 17.7011 16.2229 15.2633 14.7928 14.7819 
15.2012 16.0211 17.2121 18.7448 20.5896 22.717 25.0976 27.7019 30.5003 33.4634 
36.5617 39.7657 43.0458 46.3727 49.7167 53.0485 56.3384 59.5571 62.675 65.6626 
68.4904 71.129 73.5488 75.7204 77.6142 79.2008 80.4506 81.3342 81.8221 81.8847 
121.516 108.716 96.8806 85.9792 75.9828 66.8618 58.5867 51.1281 44.4564 38.5421 
33.3558 28.868 25.0491 21.8696 19.3002 17.3112 15.8732 14.9567 14.5322 14.5701 
15.0411 15.9156 17.1641 18.7571 20.6651 22.8587 25.3083 27.9844 30.8576 33.8984 
37.0772 40.3645 43.7309 47.1469 50.583 54.0096 57.3973 60.7167 63.9381 67.0321 
69.9692 72.72 75.2548 77.5443 79.5589 81.2692 82.6456 83.6586 84.2788 84.4766 
120.67 107.87 96.0364 85.1401 75.1516 66.0414 57.78 50.3379 43.6856 37.7937 
32.6325 28.1728 24.3848 21.2392 18.7064 16.757 15.3615 14.4903 14.114 14.2031 
14.728 15.6594 16.9676 18.6232 20.5967 22.8586 25.3795 28.1297 31.0799 34.2005 
37.4621 40.835 44.29 47.7973 51.3277 54.8514 58.3392 61.7614 65.0886 68.2913 
71.3399 74.2051 76.8572 79.2669 81.4045 83.2407 84.7459 85.8906 86.6453 86.9806 
119.616 106.817 94.9878 84.0988 74.1204 65.0233 56.7778 49.3545 42.7239 36.8565 
31.7228 27.2934 23.5386 20.4291 17.9353 16.0277 14.6768 13.8532 13.5274 13.6698 
14.2509 15.2414 16.6116 18.332 20.3733 22.7058 25.3001 28.1267 31.1562 34.3589 
37.7054 41.1663 44.7119 48.3129 51.9398 55.5629 59.1529 62.6803 66.1155 69.4291 
72.5915 75.5733 78.345 80.8771 83.14 85.1043 86.7405 88.0192 88.9107 89.3856 
118.341 105.546 93.7238 82.8443 72.8784 63.7965 55.5692 48.1669 41.5603 35.7197 
30.6157 26.2187 22.4994 19.4282 16.9756 15.1121 13.8082 13.0344 12.7612 12.9592 
13.5988 14.6506 16.085 17.8726 19.9838 22.3892 25.0592 27.9644 31.0753 34.3624 
37.7962 41.3472 44.9858 48.6827 52.4083 56.1331 59.8276 63.4623 67.0078 70.4345 
73.713 76.8137 79.7071 82.3638 84.7543 86.849 88.6185 90.0333 91.0639 91.6808 
116.836 104.047 92.2333 81.3656 71.4144 62.35 54.1431 46.7642 40.1836 34.3721 
29.3 24.9379 21.2562 18.2256 15.8164 13.9992 12.7445 12.0228 11.8046 12.0604 
12.7607 13.876 15.3769 17.2338 19.4172 21.8977 24.6457 27.6318 30.8264 34.2001 
37.7234 41.3667 45.1006 48.8956 52.7222 56.5508 60.3521 64.0965 67.7544 71.2965 
74.6933 77.9151 80.9326 83.7162 86.2364 88.4638 90.3689 91.9221 93.0939 93.8549 
