doc/test2.grd
DSAA
100 100
313.392 497.411
312.714 491.243
0.732947 96.7849
[rows 0 to 28 of 100, columns 0 to 66 of 100]
-441.853 -420.355 -399.393 -378.96 -359.048 -339.649 -320.755 -302.36 -284.456 -267.034 -250.088 -233.61 -217.592 -202.027 -186.907 -172.225 -157.973 -144.143 -130.729 -117.722 -105.114 -92.8993 -81.0689 -69.6156 -58.532 -47.8104 -37.4433 -27.4231 -17.7421 -8.39295 0.631955 9.34022 17.7394 25.8372 33.6409 41.1583 48.3968 55.364 62.0676 68.5151 74.714 80.6718 86.3962 91.8947 97.175 102.244 107.111 111.781 116.264 120.566 124.695 128.659 132.465 136.121 139.634 143.011 146.262 149.392 152.41 155.323 158.139 160.865 163.509 166.078 168.58 171.023 173.413
-438.747 -417.533 -396.854 -376.699 -357.063 -337.938 -319.315 -301.188 -283.549 -266.39 -249.704 -233.483 -217.719 -202.406 -187.535 -173.099 -159.09 -145.501 -132.324 -119.552 -107.177 -95.1913 -83.5878 -72.3585 -61.4962 -50.9932 -40.8419 -31.0347 -21.564 -12.4224 -3.60227 4.90396 13.1039 21.0051 28.6151 35.9414 42.9916 49.7734 56.2941 62.5616 68.5832 74.3665 79.9192 85.2487 90.3627 95.2686 99.9741 104.487 108.814 112.964 116.943 120.76 124.421 127.936 131.31 134.552 137.669 140.669 143.559 146.347 149.04 151.647 154.174 156.629 159.02 161.354 163.639
-435.419 -414.488 -394.088 -374.211 -354.849 -335.995 -317.641 -299.78 -282.405 -265.506 -249.078 -233.112 -217.6 -202.536 -187.912 -173.72 -159.953 -146.602 -133.661 -121.122 -108.978 -97.2196 -85.8409 -74.8336 -64.1907 -53.9042 -43.9667 -34.3705 -25.1081 -16.172 -7.55468 0.751519 8.75414 16.4609 23.8791 31.0163 37.8803 44.4785 50.8185 56.908 62.7543 68.3651 73.7479 78.9104 83.8602 88.6046 93.1513 97.5079 101.682 105.681 109.513 113.184 116.704 120.078 123.316 126.424 129.41 132.281 135.045 137.711 140.284 142.773 145.185 147.528 149.81 152.038 154.219
-431.875 -411.225 -391.102 -371.501 -352.411 -333.827 -315.74 -298.143 -281.028 -264.388 -248.216 -232.503 -217.242 -202.425 -188.046 -174.096 -160.568 -147.454 -134.747 -122.439 -110.522 -98.99 -87.8341 -77.0469 -66.6212 -56.5492 -46.8235 -37.4364 -28.3802 -19.6477 -11.2312 -3.12299 4.68435 12.1986 19.4269 26.3772 33.0569 39.4736 45.6348 51.5483 57.2213 62.6616 67.8767 72.8741 77.6616 82.2465 86.6365 90.8391 94.8618 98.7124 102.398 105.927 109.306 112.543 115.646 118.622 121.479 124.223 126.864 129.408 131.863 134.237 136.536 138.77 140.944 143.067 145.147
-428.121 -407.749 -387.903 -368.574 -349.755 -331.438 -313.616 -296.281 -279.426 -263.043 -247.124 -231.662 -216.649 -202.078 -187.942 -174.232 -160.941 -148.062 -135.586 -123.507 -111.817 -100.508 -89.5732 -79.004 -68.7936 -58.9342 -49.4183 -40.2382 -31.3863 -22.8554 -14.6376 -6.72545 0.888613 8.21229 15.2529 22.0181 28.5155 34.7527 40.7372 46.4766 51.9784 57.2501 62.2995 67.1339 71.7611 76.1885 80.4237 84.4743 88.3478 92.0519 95.594 98.9818 102.223 105.324 108.294 111.14 113.87 116.49 119.009 121.434 123.773 126.033 128.222 130.347 132.416 134.437 136.417
-424.163 -404.068 -384.495 -365.438 -346.887 -328.836 -311.276 -294.201 -277.603 -261.475 -245.808 -230.595 -215.828 -201.501 -187.605 -174.134 -161.078 -148.431 -136.186 -124.334 -112.868 -101.781 -91.0642 -80.7111 -70.714 -61.0651 -51.757 -42.7819 -34.1323 -25.8009 -17.7799 -10.0618 -2.63901 4.49614 11.351 17.9332 24.2503 30.3099 36.1196 41.687 47.0195 52.1248 57.0104 61.6838 66.1528 70.4246 74.5071 78.4077 82.1339 85.6934 89.0939 92.3426 95.4472 98.4154 101.255 103.973 106.577 109.075 111.474 113.782 116.006 118.155 120.235 122.254 124.22 126.14 128.023
-420.007 -400.186 -380.885 -362.097 -343.812 -326.025 -308.726 -291.909 -275.567 -259.691 -244.273 -229.308 -214.785 -200.7 -187.043 -173.807 -160.985 -148.568 -136.551 -124.924 -113.68 -102.812 -92.3129 -82.1739 -72.388 -62.9477 -53.8453 -45.0733 -36.624 -28.4901 -20.6639 -13.1378 -5.90429 1.04434 7.7154 14.1166 20.2554 26.1396 31.7765 37.1739 42.3391 47.2799 52.0037 56.5181 60.8308 64.9492 68.8808 72.6334 76.2144 79.6315 82.8921 86.0038 88.9743 91.8109 94.5215 97.1134 99.5942 101.972 104.253 106.446 108.558 110.597 112.571 114.486 116.351 118.173 119.959
-415.658 -396.11 -377.079 -358.558 -340.538 -323.011 -305.972 -289.411 -273.322 -257.696 -242.527 -227.806 -213.526 -199.68 -186.26 -173.258 -160.667 -148.479 -136.687 -125.283 -114.26 -103.61 -93.3253 -83.3982 -73.8217 -64.5879 -55.6893 -47.1183 -38.8673 -30.9289 -23.2955 -15.9594 -8.91315 -2.14906 4.34024 10.5624 16.525 22.2356 27.7018 32.9311 37.9311 42.7093 47.2734 51.6308 55.7892 59.7561 63.539 67.1456 70.5834 73.8599 76.9828 79.9595 82.7977 85.5049 88.0887 90.5566 92.9162 95.1751 97.3408 99.4209 101.423 103.355 105.223 107.036 108.802 110.527 112.22
-411.123 -391.846 -373.083 -354.826 -337.068 -319.802 -303.019 -286.712 -270.874 -255.497 -240.573 -226.096 -212.056 -198.448 -185.262 -172.493 -160.131 -148.17 -136.601 -125.419 -114.614 -104.179 -94.1071 -84.3901 -75.0208 -65.9915 -57.2947 -48.9228 -40.868 -33.1232 -25.6805 -18.5325 -11.6715 -5.08992 1.2196 7.26475 13.0531 18.5922 23.8896 28.9529 33.7896 38.4074 42.8136 47.0161 51.0222 54.8396 58.4758 61.9384 65.2349 68.3729 71.36 74.2038 76.9117 79.4914 81.9504 84.2964 86.5368 88.6792 90.7311 92.7002 94.594 96.4202 98.1861 99.8994 101.568 103.198 104.799
-406.407 -387.399 -368.901 -350.908 -333.41 -316.401 -299.873 -283.819 -268.23 -253.099 -238.42 -224.183 -210.382 -197.009 -184.056 -171.516 -159.382 -147.645 -136.299 -125.335 -114.747 -104.525 -94.6642 -85.1553 -75.9913 -67.1645 -58.6675 -50.4926 -42.6321 -35.0788 -27.8249 -20.8629 -14.1852 -7.78414 -1.65238 4.21775 9.83382 15.2034 20.334 25.2334 29.9088 34.368 38.6186 42.668 46.5239 50.1938 53.6852 57.0058 60.163 63.1646 66.018 68.7307 71.3104 73.7646 76.1009 78.3269 80.45 82.4779 84.4181 86.2783 88.0659 89.7885 91.4537 93.069 94.6421 96.1804 97.6916
-401.517 -382.775 -364.541 -346.809 -329.57 -312.816 -296.541 -280.736 -265.395 -250.509 -236.071 -222.073 -208.508 -195.369 -182.647 -170.336 -158.427 -146.912 -135.786 -125.039 -114.665 -104.655 -95.0027 -85.6997 -76.739 -68.1128 -59.8136 -51.8337 -44.1655 -36.8017 -29.7346 -22.9566 -16.4602 -10.2376 -4.28164 1.41547 6.86128 12.0633 17.0292 21.7665 26.2827 30.5854 34.6822 38.5806 42.2883 45.8126 49.1613 52.3419 55.3619 58.229 60.9506 63.5344 65.9878 68.3185 70.5341 72.6421 74.65 76.5654 78.3959 80.149 81.8324 83.4535 85.02 86.5393 88.0192 89.467 90.8905
-396.458 -377.98 -360.008 -342.535 -325.552 -309.052 -293.028 -277.471 -262.375 -247.732 -233.534 -219.773 -206.442 -193.535 -181.042 -168.956 -157.27 -145.977 -135.068 -124.536 -114.374 -104.574 -95.1283 -86.0293 -77.2699 -68.8422 -60.7388 -52.9519 -45.474 -38.2977 -31.4153 -24.8194 -18.5022 -12.4562 -6.67397 -1.14787 4.12967 9.16622 13.9693 18.5467 22.9056 27.0538 30.9988 34.7482 38.3096 41.6905 44.8984 47.941 50.8258 53.5603 56.1523 58.609 60.9382 63.1475 65.2443 67.2363 69.1309 70.9359 72.6586 74.3068 75.8879 77.4096 78.8793 80.3047 81.6933 83.0527 84.3905
-391.236 -373.02 -355.309 -338.092 -321.364 -305.116 -289.34 -274.029 -259.176 -244.774 -230.813 -217.288 -204.189 -191.511 -179.245 -167.383 -155.919 -144.844 -134.151 -123.832 -113.88 -104.288 -95.0468 -86.15 -77.5898 -69.3587 -61.4489 -53.8531 -46.5635 -39.5727 -32.8731 -26.4572 -20.3173 -14.4458 -8.8353 -3.47821 1.63308 6.50612 11.1485 15.5678 19.7715 23.7672 27.5625 31.1649 34.582 37.8214 40.8906 43.7972 46.5487 49.1527 51.6169 53.9487 56.1557 58.2454 60.2255 62.1035 63.8869 65.5834 67.2004 68.7456 70.2265 71.6507 73.0257 74.3591 75.6585 76.9314 78.1855
-385.856 -367.902 -350.448 -333.487 -317.01 -301.012 -285.483 -270.416 -255.805 -241.64 -227.916 -214.623 -201.755 -189.304 -177.263 -165.624 -154.378 -143.52 -133.041 -122.933 -113.189 -103.802 -94.7643 -86.0675 -77.7046 -69.668 -61.95 -54.5432 -47.4398 -40.6326 -34.1138 -27.8758 -21.9112 -16.2122 -10.7715 -5.58142 -0.634395 4.07714 8.56075 12.8241 16.8745 20.7197 24.3672 27.8246 31.0995 34.1994 37.1319 39.9044 42.5247 45.0003 47.3387 49.5475 51.6343 53.6065 55.4719 57.2379 58.9121 60.5021 62.0154 63.4596 64.8423 66.171 67.4533 68.6967 69.9089 71.0974 72.2697
-380.326 -362.63 -345.432 -328.724 -312.498 -296.747 -281.462 -266.638 -252.266 -238.338 -224.847 -211.786 -199.146 -186.921 -175.102 -163.683 -152.655 -142.011 -131.743 -121.845 -112.307 -103.124 -94.2866 -85.7878 -77.6202 -69.7761 -62.2479 -55.0281 -48.109 -41.4832 -35.1432 -29.0813 -23.2899 -17.7614 -12.4885 -7.4634 -2.67862 1.87341 6.20026 10.3096 14.2088 17.9055 21.4072 24.7216 27.8563 30.8187 33.6164 36.257 38.748 41.0971 43.3118 45.3996 47.3681 49.2249 50.9775 52.6336 54.2005 55.686 57.0976 58.4429 59.7293 60.9646 62.1561 63.3116 64.4386 65.5446 66.6372
-374.65 -357.211 -340.267 -323.809 -307.832 -292.326 -277.285 -262.7 -248.565 -234.872 -221.613 -208.781 -196.367 -184.366 -172.768 -161.566 -150.754 -140.322 -130.265 -120.573 -111.24 -102.258 -93.6195 -85.3167 -77.3424 -69.6888 -62.3484 -55.3136 -48.5768 -42.1306 -35.9673 -30.0794 -24.4592 -19.0993 -13.9921 -9.13004 -4.50552 -0.110993 4.06111 8.01841 11.7683 15.3185 18.6766 21.85 24.8464 27.6733 30.3383 32.8489 35.2127 37.4373 39.5302 41.499 43.3513 45.0946 46.7365 48.2846 49.7463 51.1293 52.4412 53.6895 54.8817 56.0255 57.1283 58.1978 59.2416 60.2671 61.282
-368.835 -351.65 -334.958 -318.75 -303.018 -287.756 -272.956 -258.609 -244.71 -231.249 -218.22 -205.615 -193.425 -181.645 -170.266 -159.281 -148.681 -138.46 -128.61 -119.124 -109.993 -101.211 -92.769 -84.6602 -76.8771 -69.4121 -62.2574 -55.4057 -48.8491 -42.5804 -36.5919 -30.876 -25.4251 -20.2317 -15.2882 -10.5872 -6.1209 -1.88188 2.13747 5.94478 9.54747 12.9532 16.1695 19.2039 22.0641 24.7574 27.2917 29.6743 31.9129 34.015 35.9882 37.84 39.5781 41.2099 42.7431 44.1851 45.5437 46.8262 48.0404 49.1937 50.2937 51.348 52.3641 53.3497 54.3122 55.2592 56.1984
-362.887 -345.954 -329.511 -313.55 -298.063 -283.043 -268.481 -254.371 -240.704 -227.474 -214.673 -202.293 -190.326 -178.765 -167.603 -156.831 -146.443 -136.431 -126.787 -117.503 -108.573 -99.9879 -91.7409 -83.8241 -76.2303 -68.9518 -61.9809 -55.3102 -48.9318 -42.8387 -37.0229 -31.477 -26.1934 -21.1644 -16.3828 -11.8407 -7.53069 -3.44516 0.423442 4.08275 7.54019 10.8034 13.8799 16.7774 19.5033 22.0652 24.4707 26.7273 28.8427 30.8243 32.6798 34.4167 36.0425 37.5648 38.9912 40.3294 41.5867 42.7707 43.8892 44.9495 45.9593 46.9261 47.8576 48.7611 49.6444 50.515 51.3805
-356.81 -340.129 -323.934 -308.217 -292.973 -278.192 -263.867 -249.991 -236.555 -223.554 -210.978 -198.821 -187.074 -175.731 -164.784 -154.224 -144.046 -134.24 -124.799 -115.717 -106.985 -98.5953 -90.5411 -82.8144 -75.4078 -68.3138 -61.5247 -55.0329 -48.8309 -42.9112 -37.2662 -31.8883 -26.7699 -21.9035 -17.2816 -12.8965 -8.74076 -4.80673 -1.08687 2.42644 5.74064 8.86336 11.8022 14.5646 17.1583 19.5907 21.8695 24.0021 25.9962 27.8594 29.5991 31.223 32.7386 34.1535 35.4752 36.7113 37.8694 38.957 39.9817 40.9511 41.8727 42.754 43.6027 44.4264 45.2325 46.0286 46.8224
-350.612 -334.179 -318.23 -302.757 -287.752 -273.209 -259.119 -245.474 -232.269 -219.494 -207.142 -195.206 -183.677 -172.55 -161.815 -151.466 -141.494 -131.893 -122.654 -113.771 -105.235 -97.0389 -89.1754 -81.6367 -74.4155 -67.5039 -60.8946 -54.5799 -48.5521 -42.8039 -37.3277 -32.1158 -27.1607 -22.4548 -17.9906 -13.7605 -9.75701 -5.97248 -2.39936 0.969946 4.1429 7.12713 9.93019 12.5596 15.0231 17.328 19.4821 21.4927 23.3676 25.1143 26.7403 28.2532 29.6606 30.9699 32.1889 33.3251 34.3859 35.3791 36.3121 37.1925 38.0278 38.8258 39.5938 40.3394 41.0703 41.794 42.518
-344.298 -328.112 -312.406 -297.174 -282.408 -268.1 -254.243 -240.829 -227.85 -215.3 -203.169 -191.452 -180.14 -169.226 -158.702 -148.561 -138.795 -129.396 -120.357 -111.671 -103.329 -95.3246 -87.6499 -80.2972 -73.2592 -66.5282 -60.0966 -53.9569 -48.1014 -42.5227 -37.2132 -32.1653 -27.3715 -22.824 -18.5156 -14.4386 -10.5853 -6.94825 -3.51988 -0.292561 2.74116 5.5889 8.25822 10.7567 13.0919 15.2714 17.3026 19.1933 20.951 22.5832 24.0975 25.5014 26.8025 28.0085 29.1267 30.1649 31.1306 32.0312 32.8745 33.6679 34.4191 35.1355 35.8248 36.4945 37.1522 37.8054 38.4618
-337.874 -321.932 -306.469 -291.476 -276.946 -262.871 -249.245 -236.059 -223.305 -210.977 -199.067 -187.567 -176.469 -165.767 -155.451 -145.516 -135.953 -126.755 -117.914 -109.422 -101.273 -93.4582 -85.9703 -78.8016 -71.9449 -65.3924 -59.1366 -53.1699 -47.4846 -42.0734 -36.9287 -32.0428 -27.4082 -23.0173 -18.8626 -14.9365 -11.2315 -7.73995 -4.45432 -1.36699 1.52949 4.24274 6.78033 9.14981 11.3588 13.4148 15.3253 17.098 18.7405 20.2602 21.6647 22.9617 24.1586 25.2631 26.2826 27.2248 28.0973 28.9075 29.663 30.3715 31.0404 31.6774 32.29 32.8858 33.4723 34.057 34.6477
-331.346 -315.647 -300.423 -285.667 -271.371 -257.528 -244.131 -231.171 -218.641 -206.533 -194.841 -183.556 -172.67 -162.177 -152.069 -142.337 -132.976 -123.976 -115.331 -107.032 -99.0731 -91.4457 -84.1426 -77.1559 -70.4784 -64.1024 -58.0203 -52.2246 -46.7076 -41.462 -36.48 -31.7541 -27.2767 -23.0403 -19.0374 -15.2603 -11.7015 -8.35345 -5.20856 -2.25923 0.502017 3.08278 5.49064 7.73314 9.81789 11.7524 13.5442 15.201 16.7302 18.1394 19.4362 20.6282 21.7229 22.7279 23.6507 24.499 25.2802 26.0019 26.6718 27.2973 27.886 28.4456 28.9835 29.5072 30.0245 30.5428 31.0698
-324.72 -309.261 -294.275 -279.754 -265.691 -252.077 -238.906 -226.17 -213.862 -201.973 -190.496 -179.424 -168.749 -158.463 -148.559 -139.03 -129.868 -121.064 -112.613 -104.506 -96.7348 -89.2929 -82.1725 -75.3659 -68.8656 -62.6642 -56.7538 -51.1271 -45.7764 -40.6942 -35.873 -31.3051 -26.983 -22.899 -19.0458 -15.4158 -12.0012 -8.79465 -5.78849 -2.97515 -0.347138 2.10315 4.38327 6.50079 8.46331 10.2783 11.9534 13.4962 14.9142 16.2149 17.4061 18.4951 19.4895 20.3971 21.2252 21.9815 22.6735 23.3088 23.8949 24.4394 24.95 25.4341 25.8992 26.3531 26.8031 27.257 27.7222
-318.001 -302.781 -288.03 -273.742 -259.909 -246.524 -233.577 -221.063 -208.974 -197.302 -186.039 -175.178 -164.711 -154.631 -144.93 -135.601 -126.635 -118.027 -109.767 -101.849 -94.264 -87.0057 -80.0661 -73.4374 -67.1124 -61.0835 -55.3429 -49.8832 -44.6967 -39.776 -35.1135 -30.7016 -26.5328 -22.5993 -18.8939 -15.4088 -12.1365 -9.06942 -6.2 -3.52064 -1.02387 1.29793 3.45232 5.44686 7.28915 8.98669 10.5471 11.9779 13.2866 14.4809 15.5683 16.5563 17.4526 18.2647 19.0001 19.6664 20.2712 20.822 21.3264 21.792 22.2263 22.637 23.0314 23.4173 23.8022 24.1936 24.5992
-311.196 -296.212 -281.695 -267.639 -254.034 -240.874 -228.15 -215.856 -203.984 -192.526 -181.475 -170.823 -160.562 -150.686 -141.186 -132.055 -123.285 -114.868 -106.798 -99.0671 -91.6668 -84.59 -77.8291 -71.3765 -65.2247 -59.3663 -53.7934 -48.4987 -43.4745 -38.7133 -34.2076 -29.9497 -25.9321 -22.1471 -18.5874 -15.2453 -12.1132 -9.18364 -6.44895 -3.90158 -1.53404 0.661283 2.69195 4.56551 6.28957 7.87164 9.31929 10.6401 11.8416 12.9315 13.9171 14.8062 15.6063 16.3249 16.9695 17.5479 18.0675 18.5359 18.9606 19.3492 19.7093 20.0485 20.3743 20.6942 21.0159 21.3469 21.6947
-304.31 -289.561 -275.276 -261.448 -248.07 -235.133 -222.63 -210.554 -198.898 -187.652 -176.811 -166.366 -156.309 -146.634 -137.333 -128.398 -119.821 -111.596 -103.713 -96.167 -88.9489 -82.0516 -75.4675 -69.1889 -63.2084 -57.5184 -52.1113 -46.9796 -42.1156 -37.512 -33.161 -29.055 -25.1867 -21.5482 -18.1323 -14.9311 -11.9373 -9.14319 -6.54124 -4.12385 -1.88353 0.187309 2.09624 3.85084 5.45867 6.92726 8.2642 9.47704 10.5734 11.5607 12.4467 13.2388 13.9446 14.5718 15.1277 15.6201 16.0565 16.4444 16.7914 17.1051 17.393 17.6628 17.9218 18.1778 18.4383 18.7108 19.003
-297.35 -282.833 -268.778 -255.177 -242.023 -229.308 -217.024 -205.164 -193.72 -182.685 -172.052 -161.812 -151.958 -142.482 -133.378 -124.637 -116.251 -108.214 -100.517 -93.1541 -86.1163 -79.3965 -72.9871 -66.8805 -61.0693 -55.5458 -50.3025 -45.3318 -40.626 -36.1778 -31.9796 -28.0236 -24.3025 -20.8086 -17.5343 -14.4722 -11.6146 -8.95396 -6.48274 -4.19333 -2.07824 -0.129875 1.65934 3.29695 4.79057 6.14769 7.3759 8.48278 9.47588 10.3628 11.151 11.8482 12.4618 12.9995 13.4687 13.8772 14.2323 14.5418 14.8131 15.0539 15.2716 15.4738 15.6682 15.8623 16.0635 16.2796 16.5181
-290.32 -276.034 -262.207 -248.831 -235.899 -223.403 -211.336 -199.69 -188.458 -177.632 -167.204 -157.167 -147.513 -138.235 -129.325 -120.776 -112.58 -104.729 -97.2167 -90.0344 -83.1748 -76.6305 -70.3939 -64.4573 -58.8133 -53.4543 -48.3727 -43.561 -39.0115 -34.7168 -30.6693 -26.8614 -23.2855 -19.934 -16.7995 -13.8743 -11.151 -8.62182 -6.27933 -4.1159 -2.12404 -0.296151 1.37534 2.89798 4.27937 5.52702 6.64852 7.65143 8.54332 9.33174 10.0243 10.6285 11.1519 11.6021 11.9867 12.3131 12.5891 12.8221 13.0197 13.1895 13.339 13.4759 13.6075 13.7416 13.8857 14.0474 14.2341
