doc/test1.grd
DSAA
51 51
32.4275 90.2409
10.9553 37.316
314.1 499.802
552.003 537 523.26 510.707 499.267 488.867 479.433 470.89 463.164 456.182 
449.868 444.15 438.953 434.203 429.825 425.746 421.892 418.189 414.562 410.938 
407.242 403.4 399.339 394.983 390.26 385.095 379.414 373.143 366.207 358.533 
350.047 340.674 330.341 318.973 306.497 292.837 277.921 261.674 244.023 224.891 
204.207 181.896 157.883 132.095 104.458 74.8972 43.3384 9.70823 -26.0677 -64.0634 
-104.353 547.313 533.047 520.051 508.251 497.573 487.942 479.285 471.528 464.596 
458.415 452.911 448.011 443.64 439.724 436.189 432.961 429.965 427.129 424.377 
421.636 418.831 415.888 412.734 409.295 405.495 401.262 396.521 391.198 385.218 
378.509 370.995 362.603 353.259 342.888 331.416 318.77 304.875 289.658 273.043 
254.958 235.328 214.078 191.136 166.426 139.875 111.409 80.9526 48.4331 13.7761 
-23.0926 -62.2471 541.578 528.013 515.727 504.644 494.692 485.795 477.88 470.873 
464.699 459.285 454.556 450.438 446.858 443.741 441.013 438.6 436.428 434.423 
432.511 430.617 428.668 426.59 424.308 421.749 418.838 415.501 411.664 407.254 
402.195 396.415 389.839 382.392 374.001 364.592 354.09 342.422 329.513 315.29 
299.677 282.602 263.991 243.768 221.86 198.193 172.693 145.286 115.897 84.4535 
50.88 15.103 -22.9516 534.887 521.989 510.377 499.977 490.714 482.516 475.308 
469.016 463.565 458.882 454.892 451.522 448.697 446.344 444.388 442.755 441.371 
440.162 439.054 437.973 436.845 435.595 434.15 432.436 430.378 427.902 424.935 
421.402 417.23 412.343 406.668 400.132 392.659 384.176 374.609 363.883 351.925 
338.66 324.015 307.916 290.287 271.056 250.147 227.488 203.004 176.621 148.264 
117.86 85.335 50.6144 13.6243 527.332 515.065 504.091 494.338 485.732 478.197 
471.66 466.047 461.284 457.297 454.011 451.353 449.249 447.624 446.404 445.516 
444.885 444.437 444.098 443.794 443.451 442.995 442.351 441.447 440.207 438.557 
436.424 433.733 430.411 426.383 421.575 415.913 409.323 401.731 393.063 383.245 
372.202 359.861 346.148 330.988 314.307 296.032 276.088 254.401 230.897 205.503 
178.143 148.744 117.231 83.5321 47.5712 519.003 507.331 496.962 487.821 479.834 
472.927 467.026 462.058 457.947 454.62 452.004 450.022 448.603 447.671 447.153 
446.974 447.06 447.338 447.733 448.171 448.578 448.88 449.003 448.872 448.415 
447.556 446.222 444.338 441.831 438.626 434.649 429.827 424.084 417.348 409.544 
400.598 390.435 378.982 366.165 351.91 336.142 318.787 299.772 279.023 256.464 
232.023 205.624 177.195 146.66 113.947 78.9799 509.992 498.88 489.079 480.514 
473.112 466.798 461.498 457.138 453.645 450.944 448.96 447.62 446.851 446.576 
446.724 447.219 447.988 448.956 450.049 451.194 452.315 453.34 454.194 454.803 
455.093 454.989 454.419 453.307 451.579 449.162 445.981 441.963 437.033 431.117 
424.142 416.032 406.715 396.115 384.159 370.773 355.882 339.413 321.292 301.444 
279.795 256.271 230.799 203.304 173.712 141.949 107.941 500.388 489.801 480.533 
472.509 465.656 459.9 455.165 451.38 448.468 446.357 444.971 444.238 444.082 
444.431 445.209 446.343 447.758 449.381 451.138 452.954 454.755 456.467 458.017 
459.33 460.331 460.948 461.106 460.73 459.747 458.082 455.663 452.413 448.26 
443.13 436.947 429.639 421.131 411.349 400.219 387.666 373.618 357.999 340.736 
321.755 300.98 278.34 253.758 227.162 198.477 167.63 134.545 490.282 480.185 
471.414 463.897 457.558 452.323 448.119 444.872 442.507 440.95 440.128 439.965 
440.389 441.325 442.698 444.435 446.463 448.705 451.09 453.542 455.987 458.352 
460.562 462.543 464.221 465.523 466.373 466.699 466.425 465.478 463.783 461.268 
457.856 453.476 448.051 441.509 433.775 424.776 414.436 402.682 389.441 374.637 
358.197 340.046 320.112 298.318 274.592 248.86 221.047 191.079 158.882 479.765 
470.122 461.814 454.767 448.907 444.16 440.451 437.706 435.853 434.815 434.52 
434.893 435.861 437.348 439.282 441.588 444.191 447.018 449.995 453.048 456.102 
459.084 461.919 464.533 466.853 468.804 470.312 471.303 471.703 471.438 470.434 
468.617 465.912 462.246 457.544 451.733 444.738 436.485 426.901 415.911 403.44 
389.416 373.764 356.409 337.279 316.298 293.392 268.488 241.511 212.388 181.044 
468.928 459.704 451.823 445.212 439.795 435.499 432.25 429.973 428.596 428.042 
428.24 429.113 430.589 432.593 435.052 437.89 441.034 444.411 447.945 451.563 
455.191 458.754 462.179 465.392 468.318 470.883 473.013 474.635 475.674 476.055 
475.706 474.552 472.518 469.531 465.517 460.401 454.11 446.569 437.704 427.442 
415.708 402.428 387.528 370.935 352.573 332.368 310.248 286.137 259.962 231.648 
201.121 457.861 449.021 441.532 435.32 430.312 426.432 423.607 421.764 420.826 
420.722 421.376 422.715 424.664 427.15 430.097 433.433 437.084 440.974 445.03 
449.178 453.344 457.454 461.434 465.209 468.705 471.849 474.567 476.784 478.426 
479.419 479.689 479.163 477.765 475.422 472.06 467.604 461.981 455.117 446.937 
437.368 426.335 413.764 399.581 383.712 366.084 346.621 325.25 301.897 276.488 
248.948 219.204 446.655 438.163 431.031 425.184 420.548 417.05 414.614 413.168 
412.636 412.945 414.021 415.789 418.176 421.108 424.51 428.308 432.429 436.798 
441.341 445.984 450.653 455.274 459.772 464.075 468.107 471.795 475.064 477.841 
480.051 481.62 482.475 482.54 481.743 480.009 477.264 473.433 468.443 462.22 
454.69 445.778 435.41 423.513 410.012 394.834 377.903 359.147 338.49 315.86 
291.181 264.38 235.383 435.401 427.222 420.411 414.894 410.596 407.443 405.361 
404.276 404.115 404.802 406.264 408.427 411.217 414.559 418.38 422.606 427.161 
431.973 436.968 442.07 447.207 452.304 457.287 462.081 466.613 470.81 474.595 
477.897 480.639 482.75 484.153 484.776 484.544 483.383 481.219 477.979 473.587 
467.969 461.053 452.763 443.026 431.767 418.913 404.389 388.122 370.036 350.059 
328.116 304.132 278.035 249.749 424.189 416.288 409.763 404.54 400.544 397.701 
395.938 395.18 395.353 396.384 398.197 400.719 403.876 407.594 411.799 416.416 
421.371 426.591 432.002 437.529 443.098 448.635 454.066 459.318 464.315 468.984 
473.251 477.042 480.282 482.898 484.815 485.96 486.258 485.635 484.017 481.331 
477.502 472.455 466.117 458.414 449.272 438.617 426.374 412.469 396.829 379.38 
360.046 338.755 315.432 290.002 262.393 413.11 405.452 399.178 394.213 390.484 
387.917 386.437 385.97 386.443 387.781 389.91 392.756 396.245 400.303 404.856 
409.829 415.15 420.742 426.534 432.45 438.416 444.358 450.203 455.876 461.303 
466.41 471.122 475.367 479.069 482.156 484.551 486.182 486.975 486.855 485.749 
483.581 480.279 475.768 469.974 462.822 454.24 444.152 432.485 419.165 404.117 
387.268 368.543 347.868 325.17 300.374 273.405 402.254 394.804 388.745 384.004 
380.507 378.179 376.947 376.737 377.474 379.084 381.493 384.628 388.414 392.777 
397.643 402.937 408.587 414.517 420.654 426.924 433.251 439.564 445.787 451.846 
457.667 463.176 468.3 472.963 477.092 480.613 483.452 485.535 486.787 487.134 
486.503 484.82 482.009 477.998 472.712 466.077 458.019 448.464 437.338 424.567 
410.076 393.792 375.64 355.547 333.438 309.239 282.877 391.713 384.435 378.556 
374.003 370.702 368.579 367.56 367.57 368.536 370.384 373.038 376.426 380.474 
385.106 390.25 395.83 401.774 408.006 414.453 421.041 427.696 434.343 440.908 
447.318 453.499 459.375 464.874 469.921 474.441 478.362 481.609 484.107 485.783 
486.563 486.373 485.138 482.784 479.237 474.424 468.27 460.702 451.644 441.023 
428.765 414.796 399.042 381.428 361.88 340.326 316.69 290.898 381.577 374.435 
368.701 364.302 361.162 359.208 358.366 358.562 359.722 361.771 364.635 368.241 
372.515 377.382 382.768 388.599 394.801 401.3 408.022 414.893 421.839 428.785 
435.658 442.384 448.888 455.096 460.935 466.33 471.207 475.492 479.112 481.991 
484.056 485.233 485.447 484.625 482.693 479.576 475.2 469.492 462.377 453.781 
443.631 431.851 418.368 403.108 385.997 366.961 345.925 322.816 297.559 371.937 
364.896 359.272 354.99 351.976 350.156 349.456 349.802 351.12 353.336 356.375 
360.164 364.628 369.694 375.287 381.334 387.759 394.49 401.452 408.57 415.772 
422.983 430.128 437.134 443.926 450.431 456.575 462.283 467.481 472.095 476.051 
479.276 481.694 483.233 483.817 483.373 481.827 479.104 475.131 469.833 463.137 
454.967 445.252 433.915 420.883 406.083 389.439 370.878 350.326 327.708 302.951 
362.882 355.908 350.358 346.159 343.235 341.514 340.921 341.382 342.823 345.17 
348.348 352.285 356.904 362.134 367.899 374.125 380.739 387.666 394.832 402.163 
409.586 417.025 424.407 431.658 438.704 445.47 451.883 457.868 463.352 468.26 
472.519 476.053 478.79 480.655 481.573 481.472 480.276 477.913 474.306 469.384 
463.071 455.293 445.977 435.048 422.432 408.055 391.843 373.723 353.619 331.458 
307.166 354.505 347.562 342.051 337.898 335.03 333.373 332.851 333.392 334.92 
337.363 340.646 344.694 349.434 354.792 360.694 367.065 373.831 380.919 388.254 
395.763 403.371 411.003 418.587 426.048 433.311 440.304 446.951 453.178 458.912 
464.079 468.604 472.414 475.433 477.589 478.807 479.013 478.133 476.092 472.818 
468.235 462.27 454.849 445.896 435.34 423.104 409.116 393.301 375.586 355.895 
334.155 310.292 346.896 339.948 334.441 330.3 327.452 325.822 325.337 325.922 
327.503 330.006 333.358 337.483 342.308 347.759 353.762 360.242 367.126 374.34 
381.809 389.459 397.217 405.008 412.758 420.393 427.839 435.022 441.868 448.303 
454.252 459.642 464.399 468.448 471.715 474.126 475.608 476.086 475.486 473.734 
470.756 466.478 460.826 453.725 445.102 434.882 422.992 409.357 393.904 376.558 
357.245 335.891 312.422 340.145 333.157 327.618 323.454 320.591 318.954 318.469 
319.063 320.662 323.19 326.575 330.742 335.617 341.126 347.194 353.749 360.715 
368.019 375.587 383.344 391.216 399.13 407.011 414.785 422.379 429.717 436.727 
443.333 449.462 455.04 459.993 464.246 467.725 470.357 472.068 472.783 472.427 
470.928 468.212 464.203 458.828 452.012 443.683 433.765 422.185 408.868 393.741 
376.729 357.759 336.755 313.645 334.343 327.28 321.674 317.451 314.537 312.858 
312.339 312.907 314.487 317.005 320.388 324.562 329.451 334.982 341.082 347.675 
354.688 362.047 369.678 377.507 385.459 393.46 401.437 409.315 417.02 424.479 
431.617 438.359 444.633 450.364 455.477 459.899 463.556 466.373 468.277 469.193 
469.047 467.766 465.275 461.5 456.367 449.802 441.731 432.08 420.774 407.74 
392.904 376.191 357.528 336.84 314.053 329.58 322.407 316.699 312.382 309.382 
307.625 307.037 307.543 309.07 311.543 314.889 319.033 323.901 329.42 335.515 
342.112 349.137 356.515 364.174 372.039 380.035 388.088 396.126 404.072 411.855 
419.398 426.629 433.472 439.855 445.703 450.942 455.498 459.296 462.263 464.325 
465.407 465.436 464.337 462.037 458.461 453.534 447.184 439.336 429.916 418.85 
406.064 391.483 375.034 356.642 336.234 313.736 325.948 318.63 312.784 308.338 
305.216 303.346 302.653 303.062 304.5 306.893 310.166 314.246 319.059 324.529 
330.584 337.149 344.151 351.514 359.165 367.03 375.035 383.106 391.168 399.148 
406.972 414.565 421.853 428.763 435.22 441.15 446.479 451.133 455.038 458.119 
460.304 461.517 461.685 460.733 458.588 455.175 450.42 444.25 436.59 427.366 
416.504 403.929 389.569 373.348 355.193 335.03 312.784 323.537 316.038 310.019 
305.408 302.131 300.112 299.278 299.555 300.87 303.146 306.312 310.292 315.013 
320.401 326.38 332.878 339.821 347.133 354.742 362.572 370.551 378.604 386.656 
394.634 402.463 410.071 417.381 424.322 430.817 436.794 442.178 446.895 450.871 
454.032 456.304 457.613 457.884 457.044 455.019 451.734 447.116 441.09 433.582 
424.519 413.825 401.428 387.252 371.225 353.271 333.317 311.289 322.438 314.722 
308.496 303.685 300.215 298.013 297.004 297.113 298.268 300.394 303.417 307.262 
311.856 317.125 322.994 329.39 336.238 343.464 350.995 358.756 366.673 374.672 
382.678 390.619 398.42 406.006 413.304 420.239 426.738 432.726 438.13 442.874 
446.886 450.092 452.416 453.785 454.125 453.361 451.421 448.229 443.711 437.794 
430.404 421.466 410.906 398.65 384.624 368.755 350.967 331.187 309.341 322.741 
314.774 308.304 303.258 299.561 297.14 295.92 295.827 296.787 298.726 301.571 
305.246 309.678 314.793 320.516 326.774 333.493 340.598 348.015 355.671 363.491 
371.401 379.327 387.195 394.931 402.461 409.711 416.606 423.073 429.037 434.425 
439.162 443.175 446.389 448.73 450.124 450.497 449.775 447.884 444.749 440.297 
434.454 427.146 418.297 407.836 395.686 381.775 366.028 348.371 328.73 307.031 
324.537 316.283 309.534 304.218 300.259 297.583 296.117 295.786 296.516 298.234 
300.865 304.334 308.569 313.495 319.037 325.122 331.676 338.624 345.893 353.409 
361.096 368.882 376.692 384.452 392.089 399.527 406.693 413.513 419.913 425.818 
431.155 435.849 439.827 443.015 445.337 446.721 447.092 446.376 444.498 441.386 
436.965 431.16 423.898 415.105 404.706 392.628 378.795 363.136 345.574 326.037 
304.449 327.916 319.34 312.278 306.656 302.399 299.434 297.686 297.082 297.547 
299.008 301.39 304.619 308.621 313.322 318.648 324.525 330.878 337.635 344.72 
352.059 359.579 367.206 374.865 382.482 389.983 397.294 404.342 411.051 417.348 
423.159 428.41 433.026 436.934 440.059 442.328 443.666 444 443.254 441.356 
438.231 433.804 428.003 420.752 411.978 401.607 389.564 375.776 360.168 342.667 
323.198 301.687 332.971 324.037 316.626 310.662 306.072 302.782 300.718 299.805 
299.97 301.138 303.236 306.189 309.923 314.364 319.439 325.072 331.19 337.719 
344.585 351.714 359.031 366.463 373.935 381.374 388.705 395.854 402.747 409.31 
415.47 421.151 426.28 430.783 434.586 437.614 439.794 441.051 441.311 440.501 
438.547 435.373 430.906 425.073 417.798 409.008 398.629 386.587 372.807 357.216 
339.74 320.304 298.834 339.79 330.464 322.667 316.327 311.369 307.719 305.303 
304.046 303.875 304.716 306.494 309.136 312.567 316.713 321.5 326.855 332.703 
338.969 345.581 352.463 359.542 366.744 373.994 381.219 388.344 395.296 402 
408.382 414.368 419.884 424.857 429.211 432.873 435.769 437.824 438.965 439.118 
438.208 436.161 432.904 428.362 422.461 415.127 406.286 395.864 383.787 369.981 
354.371 336.884 317.445 295.981 348.464 338.71 330.495 323.743 318.381 314.336 
311.532 309.896 309.354 309.832 311.256 313.55 316.643 320.459 324.924 329.964 
335.506 341.475 347.797 354.397 361.203 368.139 375.132 382.108 388.992 395.711 
402.191 408.356 414.134 419.45 424.23 428.4 431.887 434.615 436.51 437.5 
437.509 436.464 434.29 430.914 426.261 420.258 412.829 403.902 393.402 381.255 
367.386 351.722 334.19 314.714 293.22 359.086 348.868 340.197 332.999 327.198 
322.722 319.496 317.446 316.497 316.577 317.61 319.523 322.242 325.692 329.8 
334.491 339.691 345.327 351.323 357.607 364.104 370.74 377.441 384.132 390.74 
397.191 403.41 409.324 414.858 419.939 424.491 428.442 431.717 434.242 435.943 
436.746 436.577 435.361 433.025 429.495 424.696 418.554 410.996 401.947 391.333 
379.08 365.114 349.362 331.748 312.199 290.64 371.744 361.028 351.867 344.186 
337.911 332.969 329.285 326.785 325.395 325.041 325.649 327.145 329.454 332.504 
336.218 340.525 345.349 350.616 356.252 362.184 368.337 374.637 381.009 387.381 
393.678 399.825 405.749 411.376 416.631 421.441 425.731 429.427 432.456 434.742 
436.213 436.794 436.411 434.989 432.456 428.735 423.755 417.44 409.717 400.511 
389.748 377.355 363.256 347.379 329.649 309.992 288.333 386.53 375.28 365.593 
357.395 350.611 345.167 340.99 338.005 336.138 335.315 335.463 336.506 338.371 
340.984 344.271 348.157 352.569 357.433 362.673 368.218 373.991 379.92 385.93 
391.946 397.896 403.705 409.299 414.603 419.544 424.047 428.039 431.446 434.193 
436.206 437.411 437.734 437.102 435.439 432.673 428.728 423.531 417.007 409.084 
399.685 388.738 376.169 361.903 345.866 327.984 308.183 286.389 403.534 391.715 
381.467 372.716 365.387 359.407 354.701 351.196 348.817 347.49 347.142 347.697 
349.083 351.224 354.047 357.478 361.443 365.868 370.678 375.799 381.158 386.68 
392.292 397.918 403.486 408.921 414.149 419.095 423.686 427.849 431.507 434.589 
437.018 438.723 439.627 439.658 438.741 436.802 433.767 429.562 424.113 417.346 
409.186 399.56 388.394 375.613 361.144 344.912 326.843 306.863 284.899 422.848 
410.424 399.58 390.241 382.332 375.78 370.51 366.449 363.523 361.657 360.777 
360.809 361.68 363.314 365.639 368.579 372.062 376.012 380.356 385.019 389.928 
395.009 400.186 405.388 410.538 415.563 420.39 424.944 429.15 432.935 436.226 
438.946 441.024 442.384 442.952 442.655 441.418 439.168 435.829 431.329 425.593 
418.546 410.116 400.227 388.806 375.779 361.071 344.608 326.317 306.124 283.953 
444.561 431.498 420.022 410.059 401.535 394.376 388.507 383.855 380.346 377.905 
376.459 375.933 376.253 377.346 379.136 381.551 384.515 387.956 391.798 395.968 
400.392 404.996 409.704 414.445 419.142 423.723 428.114 432.239 436.025 439.399 
442.285 444.61 446.3 447.28 447.477 446.817 445.225 442.628 438.95 434.119 
428.06 420.7 411.963 401.776 390.065 376.756 361.774 345.046 326.497 306.054 
283.643 468.764 455.026 442.884 432.262 423.087 415.285 408.783 403.505 399.377 
396.326 394.278 393.159 392.893 393.408 394.63 396.483 398.895 401.791 405.096 
408.738 412.641 416.732 420.937 425.181 429.39 433.492 437.41 441.072 444.403 
447.329 449.776 451.67 452.937 453.503 453.293 452.234 450.252 447.272 443.221 
438.024 431.607 423.896 414.818 404.298 392.261 378.635 363.344 346.315 327.474 
306.746 284.058 495.549 481.101 468.256 456.94 447.079 438.6 431.427 425.488 
420.707 417.011 414.326 412.577 411.691 411.593 412.21 413.467 415.291 417.606 
420.34 423.417 426.765 430.308 433.973 437.686 441.372 444.958 448.37 451.533 
454.373 456.816 458.789 460.217 461.026 461.141 460.49 458.997 456.589 453.192 
448.731 443.133 436.323 428.227 418.772 407.883 395.486 381.507 365.872 348.506 
329.337 308.289 285.289 525.005 509.811 496.229 484.184 473.602 464.41 456.532 
449.896 444.427 440.05 436.692 434.279 432.737 431.992 431.969 432.594 433.794 
435.494 437.62 440.098 442.855 445.815 448.905 452.051 455.179 458.215 461.084 
463.713 466.027 467.953 469.415 470.341 470.657 470.287 469.158 467.196 464.328 
460.477 455.572 449.537 442.299 433.783 423.915 412.622 399.829 385.462 369.448 
351.711 332.178 310.775 287.428 557.224 541.249 526.894 514.084 502.746 492.805 
484.188 476.819 470.626 465.534 461.468 458.356 456.122 454.693 453.995 453.953 
454.494 455.543 457.027 458.871 461.001 463.343 465.823 468.367 470.901 473.351 
475.643 477.702 479.455 480.827 481.745 482.134 481.921 481.03 479.389 476.923 
473.558 469.22 463.834 457.327 449.625 440.654 430.339 418.606 405.382 390.592 
374.163 356.019 336.088 314.294 290.565 592.296 575.505 560.342 546.732 534.602 
523.877 514.484 506.349 499.396 493.553 488.744 484.897 481.937 479.789 478.38 
477.636 477.483 477.846 478.652 479.826 481.294 482.983 484.818 486.725 488.63 
490.458 492.137 493.592 494.748 495.532 495.869 495.686 494.909 493.462 491.273 
488.267 484.371 479.509 473.608 466.594 458.393 448.931 438.133 425.926 412.235 
396.987 380.107 361.522 341.156 318.937 294.79 630.311 612.669 596.662 582.218 
569.261 557.717 547.513 538.575 530.828 524.198 518.611 513.994 510.271 507.37 
505.216 503.734 502.851 502.493 502.585 503.054 503.826 504.826 505.98 507.214 
508.455 509.627 510.658 511.472 511.997 512.157 511.879 511.088 509.711 507.673 
504.901 501.32 496.857 491.436 484.985 477.429 468.693 458.705 447.389 434.672 
420.48 404.738 387.372 368.309 347.475 324.794 300.194 671.361 652.832 635.947 
620.632 606.812 594.415 583.365 573.588 565.011 557.56 551.16 545.737 541.217 
537.526 534.591 532.336 530.689 529.574 528.918 528.647 528.686 528.961 529.4 
529.926 530.467 530.948 531.295 531.434 531.291 530.792 529.863 528.43 526.418 
523.754 520.364 516.173 511.107 505.092 498.055 489.921 480.616 470.066 458.197 
444.935 430.205 413.935 396.048 376.473 355.133 331.956 306.868 715.536 696.085 
678.286 662.065 647.348 634.061 622.13 611.48 602.038 593.729 586.48 580.217 
574.864 570.349 566.598 563.535 561.087 559.18 557.741 556.693 555.965 555.481 
555.168 554.952 554.757 554.512 554.14 553.568 552.723 551.53 549.915 547.803 
545.122 541.796 537.751 532.915 527.212 520.568 512.909 504.162 494.252 483.106 
470.648 456.805 441.503 424.668 406.226 386.102 364.223 340.515 314.902 762.927 
742.519 723.77 706.608 690.958 676.746 663.898 652.34 641.997 632.797 624.664 
617.524 611.304 605.929 601.326 597.419 594.136 591.402 589.143 587.285 585.754 
584.476 583.376 582.381 581.417 580.408 579.283 577.965 576.382 574.459 572.123 
569.298 565.911 561.888 557.155 551.637 545.261 537.953 529.638 520.243 509.693 
497.914 484.832 470.374 454.464 437.03 417.996 397.289 374.835 350.559 324.388 
813.624 792.223 772.49 754.352 737.734 722.562 708.762 696.259 684.981 674.853 
665.8 657.749 650.626 644.356 638.866 634.081 629.927 626.331 623.217 620.513 
618.144 616.035 614.114 612.305 610.535 608.73 606.815 604.716 602.36 599.672 
596.578 593.005 588.878 584.122 578.665 572.431 565.347 557.339 548.332 538.253 
527.028 514.582 500.841 485.731 469.179 451.109 431.449 410.123 387.058 362.181 
335.416 