doc/test3.grd
DSAA
100 100
322.511 500.662
315.057 483.023
7.11925 87.9848
[rows 30 to 59 of 100, columns 0 to 66 of 100]
41.6279 44.9686 48.1434 51.1555 54.008 56.7041 59.2471 61.64 63.8861 65.9887 67.9508 69.7756 71.4665 73.0265 74.4588 75.7667 76.9533 78.0218 78.9754 79.8173 80.5507 81.1788 81.7047 82.1317 82.4629 82.7016 82.8509 82.914 82.8941 82.7944 82.6182 82.3685 82.0485 81.6615 81.2107 80.6992 80.1303 79.5071 78.8328 78.1106 77.3436 76.5352 75.6885 74.8066 73.8928 72.9502 71.982 70.9915 69.9818 68.9562 67.9177 66.8696 65.8151 64.7573 63.6995 62.6449 61.5966 60.5579 59.5319 58.5217 57.5307 56.562 55.6188 54.7042 53.8216 52.9739 52.1646
41.2099 44.548 47.7204 50.7305 53.5813 56.2761 58.818 61.2103 63.4561 65.5587 67.5211 69.3467 71.0385 72.5999 74.0339 75.3438 76.5328 77.604 78.5606 79.4059 80.143 80.7751 81.3054 81.7371 82.0734 82.3174 82.4725 82.5416 82.5281 82.4352 82.266 82.0237 81.7115 81.3326 80.8902 80.3874 79.8275 79.2137 78.5492 77.8371 77.0806 76.2829 75.4473 74.5768 73.6747 72.7443 71.7886 70.8108 69.8143 68.802 67.7773 66.7434 65.7033 64.6604 63.6177 62.5785 61.546 60.5234 59.5139 58.5206 57.5467 56.5955 55.6701 54.7736 53.9095 53.0807 52.2904
40.7415 44.077 47.2472 50.2554 53.1046 55.7982 58.3393 60.731 62.9766 65.0793 67.0422 68.8686 70.5616 72.1244 73.5602 74.8722 76.0637 77.1377 78.0975 78.9462 79.6872 80.3234 80.8582 81.2947 81.6362 81.8857 82.0466 82.1219 82.115 82.0289 81.8668 81.632 81.3277 80.957 80.5231 80.0292 79.4786 78.8743 78.2196 77.5177 76.7717 75.985 75.1605 74.3016 73.4114 72.4932 71.55 70.5852 69.6018 68.6032 67.5924 66.5726 65.5471 64.5191 63.4917 62.4681 61.4515 60.4452 59.4522 58.4758 57.5192 56.5856 55.6781 54.8 53.9544 53.1445 52.3736
40.2245 43.5575 46.7257 49.732 52.5799 55.2723 57.8127 60.204 62.4495 64.5524 66.5159 68.3432 70.0374 71.6018 73.0396 74.3539 75.5479 76.6248 77.5879 78.4403 79.1851 79.8256 80.3651 80.8065 81.1533 81.4084 81.5752 81.6569 81.6565 81.5774 81.4227 81.1955 80.8991 80.5367 80.1115 79.6266 79.0852 78.4906 77.8459 77.1543 76.419 75.6432 74.8301 73.9829 73.1047 72.1988 71.2683 70.3165 69.3465 68.3615 67.3647 66.3593 65.3485 64.3355 63.3235 62.3156 61.3151 60.3251 59.3488 58.3895 57.4502 56.5343 55.6449 54.7851 53.9583 53.1675 52.4159
39.6609 42.9916 46.1578 49.1625 52.009 54.7005 57.2401 59.6311 61.8767 63.9799 65.9441 67.7724 69.4681 71.0342 72.474 73.7906 74.9874 76.0674 77.0338 77.8899 78.6388 79.2837 79.8279 80.2744 80.6265 80.8875 81.0603 81.1484 81.1548 81.0827 80.9354 80.716 80.4277 80.0737 79.6572 79.1814 78.6495 78.0646 77.4301 76.7489 76.0244 75.2597 74.458 73.6226 72.7565 71.8631 70.9454 70.0067 69.0502 68.079 67.0963 66.1054 65.1094 64.1115 63.115 62.1229 61.1385 60.165 59.2056 58.2634 57.3417 56.4436 55.5723 54.7311 53.923 53.1514 52.4194
39.0526 42.3811 45.5454 48.5486 51.3939 54.0845 56.6236 59.0144 61.2601 63.3638 65.3289 67.1583 68.8554 70.4233 71.8653 73.1845 74.384 75.4672 76.4371 77.2971 78.0501 78.6996 79.2486 79.7003 80.0579 80.3247 80.5038 80.5983 80.6116 80.5467 80.4069 80.1954 79.9153 79.5699 79.1623 78.6957 78.1733 77.5983 76.974 76.3034 75.5897 74.8363 74.0462 73.2226 72.3688 71.4879 70.5832 69.6577 68.7147 67.7575 66.7891 65.8128 64.8317 63.8491 62.8681 61.892 60.9238 59.9669 59.0244 58.0995 57.1954 56.3153 55.4623 54.6397 53.8506 53.0983 52.3859
38.4015 41.728 44.8905 47.8922 50.7365 53.4263 55.9651 58.3558 60.6017 62.7061 64.672 66.5027 68.2014 69.7713 71.2155 72.5373 73.7398 74.8263 75.7998 76.6637 77.4211 78.0751 78.6291 79.0861 79.4494 79.7221 79.9075 80.0087 80.0289 79.9714 79.8392 79.6357 79.3639 79.0272 78.6285 78.1713 77.6586 77.0936 76.4796 75.8196 75.117 74.3749 73.5965 72.785 71.9435 71.0753 70.1836 69.2715 68.3422 67.399 66.4449 65.4833 64.5173 63.5501 62.5848 61.6247 60.673 59.7328 58.8074 57.8998 57.0135 56.1514 55.3168 54.5129 53.7429 53.01 52.3173
37.7096 41.0341 44.195 47.1954 50.0387 52.7279 55.2663 57.6571 59.9034 62.0085 63.9755 65.8076 67.508 69.0799 70.5265 71.851 73.0566 74.1465 75.1238 75.9917 76.7535 77.4123 77.9713 78.4337 78.8028 79.0816 79.2734 79.3814 79.4087 79.3586 79.2342 79.0388 78.7755 78.4474 78.0579 77.6101 77.1072 76.5523 75.9488 75.2996 74.6082 73.8775 73.1109 72.3115 71.4825 70.6271 69.7485 68.8499 67.9344 67.0054 66.0658 65.119 64.1682 63.2164 62.267 61.3231 60.3878 59.4645 58.5562 57.6662 56.7977 55.9538 55.1377 54.3527 53.6019 52.8885 52.2157
36.9788 40.3014 43.4608 46.4601 49.3025 51.9912 54.5294 56.9204 59.1672 61.273 63.2412 65.0748 66.7771 68.3512 69.8003 71.1276 72.3364 73.4298 74.4109 75.283 76.0493 76.713 77.2772 77.7452 78.1201 78.4051 78.6035 78.7183 78.7529 78.7103 78.5938 78.4066 78.1518 77.8327 77.4524 77.0142 76.5212 75.9765 75.3835 74.7453 74.0651 73.346 72.5913 71.8042 70.9877 70.1453 69.2799 68.3949 67.4934 66.5786 65.6536 64.7218 63.7862 62.8501 61.9166 60.989 60.0703 59.164 58.273 57.4006 56.55 55.7244 54.927 54.1609 53.4294 52.7357 52.0829
36.211 39.5319 42.6898 45.688 48.5297 51.218 53.7562 56.1474 58.3948 60.5017 62.4711 64.3063 66.0105 67.5869 69.0387 70.369 71.5811 72.6781 73.6632 74.5396 75.3106 75.9792 76.5487 77.0224 77.4032 77.6946 77.8996 78.0214 78.0633 78.0284 77.9199 77.741 77.4949 77.1848 76.8139 76.3853 75.9023 75.3681 74.7858 74.1586 73.4897 72.7823 72.0397 71.2649 70.4612 69.6317 68.7798 67.9085 67.021 66.1206 65.2104 64.2936 63.3734 62.453 61.5355 60.6243 59.7224 58.8331 57.9596 57.1049 56.2724 55.4652 54.6866 53.9396 53.2275 52.5535 51.9208
35.4082 38.7274 41.8841 44.8813 47.7224 50.4104 52.9487 55.3403 57.5884 59.6963 61.6671 63.5041 65.2104 66.7892 68.2437 69.5771 70.7925 71.8933 72.8825 73.7634 74.5391 75.2128 75.7878 76.2672 76.6541 76.9519 77.1637 77.2927 77.342 77.3149 77.2145 77.0441 76.8068 76.5058 76.1443 75.7256 75.2527 74.7289 74.1574 73.5413 72.8839 72.1884 71.4579 70.6956 69.9047 69.0884 68.2499 67.3925 66.5192 65.6332 64.7379 63.8362 62.9316 62.027 61.1258 60.231 59.346 58.4739 57.6179 56.7811 55.9668 55.1782 54.4184 53.6906 52.998 52.3439 51.7314
34.5722 37.89 41.0454 44.0419 46.8824 49.5703 52.1087 54.5008 56.7498 58.8589 60.8312 62.67 64.3785 65.9598 67.4172 68.7538 69.9728 71.0774 72.0708 72.9562 73.7368 74.4158 74.9963 75.4815 75.8747 76.1791 76.3978 76.5339 76.5908 76.5716 76.4795 76.3176 76.0892 75.7975 75.4456 75.0367 74.5741 74.0609 73.5003 72.8955 72.2497 71.5661 70.8479 70.0982 69.3202 68.5172 67.6924 66.8489 65.9898 65.1185 64.2381 63.3518 62.4627 61.5741 60.6892 59.8111 58.9431 58.0882 57.2499 56.4311 55.6351 54.8651 54.1243 53.4158 52.7429 52.1088 51.5166
33.7051 37.0214 40.1758 43.1715 46.0117 48.6995 51.2382 53.631 55.8809 57.9913 59.9653 61.8061 63.5168 65.1008 66.5611 67.901 69.1237 70.2323 71.23 72.1201 72.9057 73.5899 74.1761 74.6674 75.0669 75.378 75.6036 75.7472 75.8117 75.8005 75.7167 75.5636 75.3442 75.0618 74.7197 74.3208 73.8686 73.3661 72.8165 72.2231 71.589 70.9175 70.2116 69.4746 68.7097 67.9201 67.109 66.2795 65.4349 64.5784 63.713 62.8421 61.9688 61.0963 60.2277 59.3664 58.5155 57.6781 56.8574 56.0567 55.2792 54.528 53.8063 53.1172 52.4641 51.8501 51.2784
32.8086 36.1237 39.2772 42.2723 45.1122 47.8001 50.3392 52.7327 54.9837 57.0955 59.0712 60.9141 62.6273 64.214 65.6774 67.0208 68.2472 69.3599 70.3621 71.2569 72.0476 72.7373 73.3293 73.8267 74.2327 74.5505 74.7833 74.9343 75.0067 75.0036 74.9283 74.7839 74.5737 74.3008 73.9684 73.5798 73.138 72.6463 72.1079 71.526 70.9037 70.2443 69.551 68.8269 68.0751 67.2991 66.5018 65.6865 64.8564 64.0147 63.1645 62.3091 61.4517 60.5953 59.7434 58.8989 58.0651 57.2453 56.4425 55.6601 54.9011 54.1687 53.4662 52.7968 52.1636 51.5698 51.0186
31.8848 35.1987 38.3514 41.346 44.1858 46.8739 49.4135 51.8079 54.0601 56.1734 58.151 59.9961 61.7118 63.3014 64.7681 66.1149 67.3453 68.4622 69.4689 70.3686 71.1645 71.8598 72.4577 72.9613 73.3739 73.6986 73.9387 74.0972 74.1775 74.1827 74.116 73.9805 73.7796 73.5163 73.1938 72.8154 72.3843 71.9035 71.3764 70.8061 70.1958 69.5487 68.8679 68.1568 67.4183 66.6559 65.8726 65.0716 64.2561 63.4294 62.5945 61.7548 60.9133 60.0733 59.2379 58.4105 57.594 56.7919 56.0071 55.2429 54.5026 53.7893 53.1061 52.4563 51.8431 51.2697 50.7392
30.9356 34.2485 37.4005 40.3947 43.2345 45.9228 48.4631 50.8584 53.112 55.227 57.2065 59.0539 60.7723 62.3649 63.8349 65.1854 66.4198 67.541 68.5524 69.4572 70.2584 70.9594 71.5633 72.0733 72.4925 72.8243 73.0717 73.2379 73.3262 73.3398 73.2818 73.1554 72.9638 72.7102 72.3978 72.0298 71.6094 71.1397 70.624 70.0654 69.4671 68.8324 68.1644 67.4663 66.7413 65.9926 65.2233 64.4368 63.636 62.8244 62.005 61.181 60.3556 59.532 58.7135 57.9031 57.1041 56.3197 55.553 54.8073 54.0858 53.3916 52.7279 52.0979 51.5048 50.9518 50.4422
29.9629 33.2749 36.4263 39.4203 42.2601 44.9489 47.49 49.8864 52.1413 54.2581 56.2397 58.0896 59.8108 61.4065 62.8799 64.2342 65.4726 66.5984 67.6145 68.5244 69.3311 70.0379 70.6479 71.1644 71.5904 71.9293 72.1842 72.3583 72.4548 72.4768 72.4276 72.3104 72.1283 71.8845 71.5823 71.2248 70.8152 70.3567 69.8524 69.3057 68.7196 68.0974 67.4423 66.7574 66.0459 65.311 64.556 63.784 62.9981 62.2017 61.3978 60.5897 59.7805 58.9735 58.1718 57.3786 56.5972 55.8307 55.0823 54.3551 53.6525 52.9775 52.3334 51.7233 51.1505 50.6181 50.1293
28.9687 32.2798 35.4307 38.4246 41.2646 43.954 46.4959 48.8935 51.15 53.2687 55.2526 57.105 58.829 60.428 61.9049 63.2632 64.5058 65.6361 66.6572 67.5723 68.3846 69.0973 69.7136 70.2366 70.6696 71.0158 71.2782 71.4603 71.565 71.5956 71.5554 71.4474 71.2749 71.0411 70.7492 70.4023 70.0036 69.5564 69.0638 68.5291 67.9553 67.3457 66.7035 66.0319 65.3341 64.6132 63.8725 63.1151 62.3442 61.5631 60.7749 59.9828 59.1899 58.3996 57.6149 56.8391 56.0753 55.3268 54.5967 53.8883 53.2047 52.549 51.9246 51.3346 50.7821 50.2704 49.8027
27.9548 31.2652 34.4158 37.4097 40.25 42.94 45.4829 47.8819 50.1401 52.2607 54.2469 56.102 57.8291 59.4313 60.912 62.2742 63.5213 64.6562 65.6824 66.6028 67.4208 68.1396 68.7622 69.2919 69.732 70.0855 70.3557 70.5457 70.6589 70.6982 70.667 70.5684 70.4057 70.182 69.9004 69.5642 69.1767 68.7409 68.26 67.7373 67.176 66.5792 65.9501 65.2919 64.6078 63.901 63.1747 62.4321 61.6764 60.9107 60.1382 59.3622 58.5858 57.8123 57.0447 56.2863 55.5404 54.81 54.0984 53.4087 52.7442 52.1081 51.5035 50.9335 50.4016 49.9107 49.4641
26.9232 30.2331 33.3834 36.3774 39.2181 41.9089 44.453 46.8534 49.1133 51.2361 53.2248 55.0826 56.8128 58.4185 59.903 61.2694 62.5209 63.6607 64.6919 65.6179 66.4417 67.1666 67.7957 68.3322 68.7794 69.1405 69.4185 69.6167 69.7383 69.7865 69.7645 69.6754 69.5225 69.309 69.0379 68.7126 68.3362 67.912 67.443 66.9325 66.3837 65.7997 65.1838 64.5392 63.869 63.1764 62.4647 61.7369 60.9964 60.2463 59.4897 58.7299 57.9701 57.2134 56.4631 55.7223 54.9943 54.2821 53.5891 52.9184 52.2731 51.6566 51.0719 50.5222 50.0108 49.5409 49.1156
25.8758 29.1852 32.3355 35.3296 38.171 40.8626 43.4079 45.8099 48.0717 50.1967 52.188 54.0487 55.7822 57.3915 58.8799 60.2505 61.5066 62.6513 63.6878 64.6193 65.4491 66.1802 66.8159 67.3594 67.8139 68.1825 68.4685 68.675 68.8053 68.8624 68.8497 68.7702 68.6273 68.424 68.1636 67.8493 67.4842 67.0716 66.6146 66.1164 65.5802 65.0093 64.4067 63.7757 63.1195 62.4413 61.7442 61.0315 60.3063 59.5718 58.8313 58.0878 57.3447 56.6051 55.8721 55.149 54.439 53.7452 53.0708 52.4191 51.7933 51.1964 50.6318 50.1025 49.6118 49.1629 48.759
24.8146 28.1237 31.2739 34.2684 37.1104 39.8031 42.3497 44.7533 47.0172 49.1445 51.1385 53.0023 54.7391 56.3521 57.8445 59.2195 60.4803 61.63 62.6719 63.6092 64.445 65.1825 65.825 66.3755 66.8374 67.2137 67.5078 67.7227 67.8616 67.9279 67.9245 67.8548 67.722 67.5291 67.2795 66.9762 66.6226 66.2217 65.7768 65.2911 64.7677 64.2098 63.6207 63.0035 62.3614 61.6976 61.0153 60.3177 59.6079 58.8893 58.1648 57.4379 56.7115 55.989 55.2735 54.5682 53.8763 53.2011 52.5455 51.913 51.3066 50.7296 50.1851 49.6763 49.2064 48.7787 48.3963
23.7414 27.0503 30.2006 33.1956 36.0384 38.7322 41.2803 43.6857 45.9517 48.0815 50.0783 51.9452 53.6855 55.3023 56.7989 58.1783 59.444 60.5989 61.6463 62.5893 63.4313 64.1753 64.8246 65.3823 65.8517 66.2359 66.5381 66.7615 66.9094 66.9848 66.991 66.9311 66.8085 66.6262 66.3874 66.0953 65.7532 65.3642 64.9315 64.4583 63.9478 63.4032 62.8276 62.2243 61.5964 60.9472 60.2798 59.5974 58.9033 58.2005 57.4923 56.7819 56.0725 55.3673 54.6694 53.982 53.3084 52.6517 52.0151 51.4018 50.815 50.2579 49.7337 49.2455 48.7966 48.3902 48.0294
22.6582 25.967 29.1176 32.1131 34.9568 37.6519 40.2015 42.6089 44.8771 47.0095 49.0092 50.8794 52.6233 54.244 55.7449 57.1289 58.3995 59.5597 60.6127 61.5617 62.4099 63.1606 63.8168 64.3818 64.8588 65.251 65.5615 65.7936 65.9504 66.0351 66.0509 66.0011 65.8887 65.7171 65.4893 65.2086 64.8781 64.5011 64.0807 63.6202 63.1227 62.5914 62.0295 61.4402 60.8267 60.1921 59.5397 58.8727 58.1942 57.5075 56.8157 56.122 55.4296 54.7417 54.0615 53.3922 52.737 52.099 51.4814 50.8875 50.3205 49.7834 49.2796 48.8122 48.3843 47.9993 47.6602
21.567 24.8758 28.0267 31.023 33.8677 36.5641 39.1154 41.5248 43.7955 45.9305 47.9333 49.8068 51.5544 53.1792 54.6844 56.0732 57.3488 58.5144 59.5731 60.5282 61.3829 62.1403 62.8036 63.376 63.8607 64.261 64.5799 64.8207 64.9866 65.0807 65.1063 65.0666 64.9647 64.8038 64.5871 64.3178 63.9991 63.6342 63.2263 62.7786 62.2942 61.7763 61.2282 60.6531 60.054 59.4342 58.797 58.1455 57.4828 56.8122 56.1369 55.46 54.7847 54.1143 53.452 52.8008 52.164 51.5449 50.9465 50.3721 49.8249 49.308 48.8247 48.3781 47.9715 47.608 47.2907
20.4696 23.7786 26.9299 29.927 32.7728 35.4707 38.0239 40.4354 42.7085 44.8464 46.8523 48.7294 50.4808 52.1098 53.6195 55.0131 56.2939 57.465 58.5296 59.4908 60.352 61.1162 61.7867 62.3667 62.8593 63.2677 63.5952 63.8449 64.02 64.1236 64.1591 64.1296 64.0382 63.8882 63.6827 63.425 63.1182 62.7655 62.3702 61.9353 61.4642 60.9599 60.4257 59.8648 59.2803 58.6755 58.0535 57.4175 56.7708 56.1164 55.4577 54.7978 54.1398 53.487 52.8426 52.2097 51.5915 50.9913 50.4122 49.8575 49.3302 48.8336 48.3709 47.9453 47.56 47.2181 46.9228
19.368 22.6772 25.8292 28.8271 31.6743 34.3738 36.9289 39.3426 41.6184 43.7592 45.7684 47.649 49.4044 51.0377 52.552 53.9506 55.2367 56.4134 57.4839 58.4515 59.3193 60.0905 60.7683 61.3559 61.8564 62.2732 62.6093 62.868 63.0524 63.1657 63.2112 63.192 63.1113 62.9723 62.7781 62.5321 62.2373 61.897 61.5143 61.0925 60.6347 60.1441 59.6239 59.0774 58.5076 57.9178 57.3112 56.6909 56.0602 55.4223 54.7802 54.1373 53.4967 52.8617 52.2353 51.6208 51.0214 50.4402 49.8806 49.3455 48.8383 48.3622 47.9202 47.5157 47.1517 46.8316 46.5584
18.2641 21.5737 24.7264 27.7254 30.5739 33.2751 35.8322 38.2484 40.5268 42.6707 44.6833 46.5677 48.3271 49.9648 51.4838 52.8875 54.179 55.3614 56.438 57.412 58.2866 59.0649 59.7501 60.3454 60.8541 61.2793 61.6242 61.8919 62.0858 62.2089 62.2645 62.2557 62.1858 62.0579 61.8752 61.641 61.3583 61.0305 60.6606 60.2519 59.8076 59.3308 58.8248 58.2927 57.7377 57.1631 56.5719 55.9675 55.353 54.7315 54.1063 53.4806 52.8575 52.2403 51.632 51.0361 50.4555 49.8935 49.3534 48.8382 48.3512 47.8955 47.4745 47.0911 46.7487 46.4505 46.1995
17.1599 20.4699 23.6234 26.6236 29.4736 32.1766 34.7359 37.1546 39.4359 41.5829 43.599 45.4873 47.2509 48.893 50.4169 51.8258 53.1228 54.3111 55.3939 56.3745 57.2559 58.0414 58.7341 59.3374 59.8542 60.288 60.6417 60.9187 61.1221 61.2551 61.321 61.3228 61.2637 61.1471 60.976 60.7536 60.4832 60.1679 59.811 59.4155 58.9848 58.5219 58.0302 57.5127 56.9726 56.4133 55.8377 55.2492 54.651 54.0461 53.4379 52.8294 52.224 51.6247 51.0348 50.4574 49.8958 49.3532 48.8326 48.3374 47.8707 47.4357 47.0356 46.6736 46.3528 46.0766 45.8479
16.0572 19.3678 22.5223 25.5237 28.3753 31.0803 33.6419 36.0632 38.3474 40.4978 42.5175 44.4097 46.1776 47.8244 49.3533 50.7674 52.0701 53.2644 54.3535 55.3407 56.2291 57.0219 57.7223 58.3335 58.8587 59.3011 59.6639 59.9502 60.1633 60.3063 60.3825 60.395 60.347 60.2417 60.0822 59.8719 59.6139 59.3113 58.9674 58.5853 58.1683 57.7194 57.2421 56.7393 56.2143 55.6703 55.1105 54.5381 53.9562 53.3681 52.7769 52.1858 51.5981 51.0169 50.4454 49.8868 49.3443 48.821 48.3202 47.8451 47.3988 46.9846 46.6056 46.265 45.966 45.7118 45.5057
