doc/test3.grd
DSAA
100 100
322.511 500.662
315.057 483.023
7.11925 87.9848
[rows 0 to 29 of 100, columns 0 to 66 of 100]
21.137 24.6126 27.9122 31.0389 33.996 36.7867 39.4141 41.8814 44.1919 46.3486 48.3549 50.2138 51.9287 53.5026 54.9388 56.2404 57.4107 58.4528 59.3699 60.1652 60.842 61.4033 61.8524 62.1925 62.4268 62.5584 62.5906 62.5265 62.3694 62.1224 61.7886 61.3714 60.8739 60.2993 59.6507 58.9314 58.1445 57.2933 56.3809 55.4106 54.3854 53.3087 52.1836 51.0133 49.8009 48.5497 47.2628 45.9435 44.595 43.2204 41.8229 40.4057 38.972 37.525 36.0679 34.6039 33.1361 31.6678 30.2021 28.7423 27.2915 25.8529 24.4297 23.0251 21.6423 20.2844 18.9548
23.1294 26.5988 29.8926 33.0138 35.9657 38.7515 41.3745 43.8376 46.1442 48.2975 50.3005 52.1567 53.869 55.4407 56.8751 58.1752 59.3443 60.3856 61.3022 62.0974 62.7744 63.3362 63.7862 64.1275 64.3633 64.4968 64.5312 64.4697 64.3154 64.0716 63.7414 63.3281 62.8348 62.2647 61.621 60.9069 60.1256 59.2803 58.3742 57.4104 56.3922 55.3227 54.2052 53.0427 51.8386 50.596 49.3181 48.0081 46.6691 45.3044 43.9172 42.5106 41.0879 39.6522 38.2066 36.7545 35.2991 33.8434 32.3906 30.9441 29.5069 28.0823 26.6734 25.2834 23.9156 22.5731 21.2591
25.0136 28.4769 31.7649 34.8807 37.8276 40.6087 43.2272 45.6863 47.9891 50.139 52.139 53.9924 55.7024 57.2721 58.7047 60.0035 61.1716 62.2121 63.1284 63.9236 64.6008 65.1633 65.6143 65.9569 66.1944 66.3298 66.3665 66.3077 66.1564 65.9159 65.5894 65.1801 64.6911 64.1257 63.487 62.7783 62.0027 61.1634 60.2636 59.3065 58.2953 57.2332 56.1233 54.9689 53.7732 52.5393 51.2704 49.9697 48.6405 47.2859 45.909 44.5132 43.1015 41.6772 40.2434 38.8033 37.3603 35.9173 34.4777 33.0445 31.6211 30.2105 28.8161 27.4408 26.0881 24.761 23.4628
26.7914 30.2488 33.5311 36.6417 39.5836 42.36 44.9743 47.4294 49.7287 51.8753 53.8724 55.7232 57.4308 58.9986 60.4296 61.7271 62.8943 63.9343 64.8503 65.6456 66.3232 66.8865 67.3386 67.6826 67.9218 68.0594 68.0986 68.0425 67.8943 67.6573 67.3345 66.9293 66.4448 65.8842 65.2507 64.5474 63.7776 62.9444 62.0511 61.1008 60.0968 59.0421 57.9401 56.7938 55.6066 54.3815 53.1218 51.8306 50.5112 49.1667 47.8004 46.4154 45.0149 43.6021 42.1801 40.7523 39.3217 37.8916 36.4651 35.0455 33.636 32.2396 30.8597 29.4993 28.1618 26.8502 25.5678
28.4647 31.9163 35.1931 38.2985 41.2355 44.0075 46.6176 49.0689 51.3647 53.5081 55.5024 57.3507 59.0562 60.6222 62.0518 63.3481 64.5145 65.554 66.4699 67.2654 67.9436 68.5077 68.961 69.3066 69.5477 69.6875 69.7292 69.676 69.531 69.2976 68.9787 68.5778 68.0978 67.5421 66.9138 66.2161 65.4522 64.6253 63.7386 62.7952 61.7984 60.7514 59.6573 58.5193 57.3406 56.1245 54.8741 53.5925 52.2831 50.9489 49.5931 48.2191 46.8299 45.4287 44.0187 42.6032 41.1852 39.7681 38.3549 36.949 35.5534 34.1713 32.8061 31.4607 30.1385 28.8426 27.5762
30.0356 33.4814 36.7529 39.8532 42.7855 45.5531 48.1591 50.6067 52.8991 55.0395 57.0311 58.8771 60.5806 62.1448 63.573 64.8684 66.0341 67.0732 67.9891 68.7849 69.4637 70.0289 70.4835 70.8307 71.0739 71.216 71.2604 71.2102 71.0686 70.8388 70.524 70.1274 69.6521 69.1014 68.4785 67.7865 67.0286 66.2081 65.3281 64.3917 63.4023 62.363 61.2769 60.1473 58.9774 57.7703 56.5293 55.2574 53.9581 52.6343 51.2893 49.9263 48.5485 47.159 45.7611 44.358 42.9528 41.5488 40.1491 38.7569 37.3754 36.0078 34.6572 33.327 32.0202 30.7401 29.4898
31.5058 34.946 38.2122 41.3076 44.2353 46.9987 49.6008 52.0448 54.3339 56.4714 58.4604 60.3041 62.0057 63.5684 64.9953 66.2898 67.4549 68.4938 69.4098 70.206 70.8856 71.4519 71.9079 72.257 72.5022 72.6468 72.694 72.6469 72.5088 72.2828 71.9721 71.58 71.1095 70.564 69.9465 69.2603 68.5086 67.6946 66.8214 65.8922 64.9103 63.8788 62.8009 61.6798 60.5187 59.3208 58.0892 56.8273 55.5381 54.2248 52.8907 51.5389 50.1726 48.795 47.4093 46.0187 44.6264 43.2355 41.8494 40.471 39.1037 37.7507 36.4151 35.1 33.8088 32.5446 31.3105
32.8775 36.3122 39.5732 42.6637 45.587 48.3462 50.9445 53.385 55.671 57.8057 59.7922 61.6338 63.3336 64.8948 66.3206 67.6143 68.7789 69.8178 70.734 71.5307 72.2113 72.7787 73.2364 73.5873 73.8348 73.9819 74.032 73.9882 73.8536 73.6315 73.3251 72.9376 72.472 71.9318 71.3199 70.6396 69.8942 69.0867 68.2205 67.2986 66.3243 65.3007 64.2311 63.1187 61.9665 60.7779 59.556 58.304 57.0251 55.7224 54.3993 53.0588 51.7041 50.3385 48.9651 47.5872 46.2079 44.8304 43.4578 42.0935 40.7405 39.4022 38.0815 36.7818 35.5063 34.2581 33.0404
34.1523 37.5816 40.8376 43.9235 46.8424 49.5975 52.1921 54.6293 56.9123 59.0443 61.0285 62.868 64.5661 66.126 67.5508 68.8438 70.0081 71.047 71.9635 72.7609 73.4425 74.0113 74.4706 74.8236 75.0734 75.2232 75.2763 75.2359 75.105 74.887 74.5849 74.2021 73.7416 73.2067 72.6005 71.9263 71.1872 70.3865 69.5273 68.6128 67.6462 66.6308 65.5695 64.4658 63.3227 62.1435 60.9314 59.6894 58.4209 57.129 55.817 54.4879 53.145 51.7915 50.4306 49.0654 47.6992 46.3351 44.9763 43.6261 42.2876 40.964 39.6585 38.3743 37.1145 35.8824 34.6812
35.3324 38.7565 42.0075 45.0888 48.0035 50.7547 53.3457 55.7797 58.0597 60.1891 62.1711 64.0087 65.7053 67.264 68.6879 69.9803 71.1444 72.1834 73.1004 73.8986 74.5813 75.1515 75.6126 75.9677 76.22 76.3727 76.4289 76.3919 76.2649 76.051 75.7534 75.3754 74.9201 74.3907 73.7903 73.1223 72.3897 71.5958 70.7438 69.8368 68.8781 67.8708 66.8181 65.7232 64.5893 63.4196 62.2173 60.9856 59.7276 58.4466 57.1458 55.8282 54.4972 53.1559 51.8075 50.4552 49.1022 47.7517 46.4069 45.0709 43.7469 42.4382 41.148 39.8793 38.6354 37.4196 36.235
36.4196 39.8385 43.0848 46.1616 49.0721 51.8196 54.4071 56.8379 59.1152 61.2422 63.222 65.0579 66.753 68.3105 69.7337 71.0257 72.1897 73.2289 74.1465 74.9456 75.6295 76.2014 76.6644 77.0217 77.2766 77.4322 77.4917 77.4583 77.3352 77.1255 76.8326 76.4595 76.0094 75.4856 74.8913 74.2295 73.5036 72.7166 71.8719 70.9725 70.0218 69.0228 67.9787 66.8928 65.7682 64.6082 63.4158 62.1944 60.9471 59.6771 58.3875 57.0817 55.7627 54.4337 53.098 51.7587 50.419 49.0822 47.7513 46.4297 45.1204 43.8267 42.5518 41.2988 40.071 38.8715 37.7036
37.4158 40.8298 44.0713 47.1438 50.0503 52.794 55.3783 57.8061 60.0807 62.2053 64.1831 66.0173 67.7111 69.2677 70.6902 71.9819 73.1459 74.1854 75.1037 75.9039 76.5891 77.1627 77.6277 77.9874 78.245 78.4036 78.4665 78.4368 78.3178 78.1125 77.8243 77.4562 77.0116 76.4935 75.9052 75.2498 74.5306 73.7508 72.9135 72.0218 71.0792 70.0886 69.0533 67.9764 66.8613 65.711 64.5288 63.3178 62.0812 60.8223 59.5442 58.2501 56.9432 55.6267 54.3037 52.9776 51.6514 50.3283 49.0116 47.7044 46.41 45.1314 43.872 42.6348 41.4231 40.2401 39.089
38.3231 41.7321 44.9691 48.0373 50.9399 53.6801 56.2611 58.686 60.9581 63.0805 65.0564 66.8891 68.5817 70.1374 71.5593 72.8508 74.015 75.055 75.974 76.7753 77.4621 78.0375 78.5046 78.8668 79.1272 79.289 79.3554 79.3296 79.2147 79.0139 78.7305 78.3676 77.9285 77.4163 76.8341 76.1853 75.4729 74.7003 73.8705 72.9867 72.0522 71.0702 70.0437 68.9761 67.8705 66.7301 65.5581 64.3576 63.132 61.8843 60.6177 59.3355 58.0409 56.7369 55.4269 54.1139 52.8013 51.4922 50.1897 48.8971 47.6175 46.3542 45.1104 43.8891 42.6937 41.5273 40.3931
39.1432 42.5474 45.78 48.8441 51.7429 54.4796 57.0575 59.4797 61.7493 63.8696 65.8438 67.675 69.3665 70.9214 72.343 73.6344 74.7988 75.8394 76.7594 77.5619 78.2503 78.8276 79.297 79.6618 79.9252 80.0902 80.1602 80.1383 80.0277 79.8316 79.5531 79.1956 78.762 78.2558 77.6799 77.0377 76.3324 75.567 74.7448 73.8691 72.9429 71.9695 70.952 69.8937 68.7978 67.6674 66.5057 65.3159 64.1012 62.8649 61.61 60.3398 59.0575 57.7662 56.4692 55.1696 53.8707 52.5756 51.2874 50.0095 48.745 47.4971 46.2689 45.0637 43.8847 42.735 41.6179
39.8782 43.2777 46.506 49.5661 52.4612 55.1946 57.7695 60.189 62.4563 64.5747 66.5472 68.3771 70.0676 71.6219 73.0432 74.3346 75.4993 76.5406 77.4617 78.2656 78.9557 79.535 80.0069 80.3744 80.6408 80.8092 80.8829 80.8651 80.7589 80.5675 80.2941 79.942 79.5142 79.014 78.4446 77.8091 77.1108 76.3529 75.5385 74.6708 73.7531 72.7884 71.7801 70.7312 69.645 68.5247 67.3735 66.1945 64.991 63.7661 62.523 61.2649 59.9951 58.7166 57.4327 56.1466 54.8615 53.5805 52.3069 51.0438 49.7944 48.562 47.3496 46.1606 44.998 43.8652 42.7652
40.5299 43.9249 47.1489 50.2051 53.0967 55.8269 58.399 60.8159 63.081 65.1975 67.1685 68.9972 70.6869 72.2406 73.6617 74.9533 76.1185 77.1606 78.0828 78.8883 79.5801 80.1617 80.636 81.0064 81.2759 81.4479 81.5255 81.5118 81.4101 81.2236 80.9554 80.6087 80.1868 79.6928 79.1299 78.5014 77.8103 77.0599 76.2534 75.3939 74.4847 73.5289 72.5298 71.4905 70.4142 69.3041 68.1635 66.9954 65.8031 64.5898 63.3586 62.1128 60.8555 59.5899 58.3193 57.0468 55.7756 54.5088 53.2498 52.0016 50.7676 49.5507 48.3543 47.1816 46.0356 44.9197 43.837
41.1003 44.4909 47.7108 50.7632 53.6514 56.3785 58.9478 61.3623 63.6254 65.7401 67.7097 69.5373 71.2262 72.7796 74.2006 75.4924 76.6583 77.7013 78.6248 79.4318 80.1257 80.7095 81.1864 81.5597 81.8326 82.0082 82.0897 82.0804 81.9833 81.8017 81.5388 81.1978 80.7819 80.2942 79.738 79.1164 78.4326 77.6899 76.8914 76.0402 75.1397 74.1929 73.2032 72.1735 71.1073 70.0075 68.8775 67.7205 66.5395 65.3379 64.1187 62.8853 61.6407 60.3882 59.1309 57.8721 56.6149 55.3626 54.1183 52.8852 51.6664 50.4653 49.285 48.1286 46.9994 45.9006 44.8353
41.5914 44.9776 48.1935 51.2423 54.1272 56.8513 59.418 61.8302 64.0912 66.2043 68.1726 69.9993 71.6876 73.2407 74.6617 75.9539 77.1205 78.1646 79.0895 79.8982 80.5941 81.1803 81.66 82.0364 82.3127 82.492 82.5776 82.5727 82.4804 82.3039 82.0464 81.7112 81.3014 80.8201 80.2706 79.6562 78.9798 78.2449 77.4544 76.6118 75.72 74.7824 73.802 72.7822 71.7261 70.6368 69.5176 68.3717 67.2022 66.0124 64.8053 63.5844 62.3526 61.1132 59.8694 58.6245 57.3814 56.1436 54.9141 53.6962 52.493 51.3077 50.1435 49.0037 47.8913 46.8097 45.7619
42.0049 45.387 48.599 51.6443 54.526 57.2473 59.8114 62.2214 64.4806 66.5922 68.5593 70.3851 72.0729 73.6258 75.047 76.3398 77.5072 78.5525 79.4788 80.2894 80.9875 81.5762 82.0588 82.4384 82.7182 82.9014 82.9911 82.9907 82.9033 82.732 82.4801 82.1507 81.7471 81.2724 80.7298 80.1226 79.4538 78.7267 77.9445 77.1104 76.2276 75.2992 74.3284 73.3185 72.2726 71.1939 70.0856 68.9509 67.793 66.6151 65.4204 64.212 62.9932 61.7671 60.5369 59.3058 58.0771 56.8539 55.6393 54.4367 53.2491 52.0798 50.9319 49.8087 48.7133 47.6489 46.6188
42.343 45.7209 48.9293 51.9711 54.8497 57.5683 60.13 62.5379 64.7954 66.9056 68.8716 70.6967 72.3841 73.937 75.3585 76.6518 77.8202 78.8668 79.7947 80.6073 81.3077 81.899 82.3846 82.7674 83.0509 83.2381 83.3322 83.3364 83.2539 83.088 82.8417 82.5184 82.1211 81.653 81.1175 80.5175 79.8564 79.1374 78.3635 77.5381 76.6642 75.7452 74.7841 73.7842 72.7487 71.6807 70.5835 69.4602 68.314 67.1481 65.9657 64.7701 63.5643 62.3516 61.1351 59.9181 58.7038 57.4953 56.2958 55.1085 53.9367 52.7834 51.652 50.5455 49.4672 48.4202 47.4078
42.6074 45.9814 49.1861 52.2247 55.1003 57.8162 60.3756 62.7817 65.0375 67.1464 69.1115 70.936 72.6231 74.176 75.5979 76.892 78.0615 79.1094 80.0392 80.8538 81.5566 82.1507 82.6393 83.0256 83.3128 83.5041 83.6026 83.6116 83.5343 83.3738 83.1333 82.816 82.4252 81.9639 81.4355 80.843 80.1897 79.4788 78.7134 77.8967 77.032 76.1225 75.1712 74.1814 73.1564 72.0992 71.0131 69.9013 68.7669 67.6132 66.4433 65.2605 64.0679 62.8687 61.666 60.4632 59.2634 58.0697 56.8855 55.7137 54.5577 53.4207 52.3057 51.2161 50.155 49.1256 48.1311
42.8002 46.1703 49.3715 52.4069 55.2797 57.9931 60.5503 62.9545 65.2089 67.3166 69.2809 71.1049 72.7919 74.345 75.7674 77.0623 78.2329 79.2824 80.214 81.0309 81.7362 82.3332 82.825 83.2148 83.5059 83.7014 83.8045 83.8184 83.7462 83.5913 83.3567 83.0457 82.6614 82.207 81.6858 81.1009 80.4555 79.7528 78.996 78.1883 77.3328 76.4328 75.4915 74.512 73.4975 72.4513 71.3765 70.2763 69.1538 68.0124 66.8551 65.6852 64.5059 63.3203 62.1316 60.9431 59.7579 58.5792 57.4102 56.2541 55.1141 53.9934 52.8951 51.8224 50.7786 49.7669 48.7903
42.9232 46.2896 49.4874 52.5197 55.3898 58.1008 60.656 63.0585 65.3115 67.4181 69.3817 71.2054 72.8923 74.4457 75.8687 77.1646 78.3365 79.3877 80.3213 81.1404 81.8484 82.4484 82.9435 83.337 83.6321 83.8319 83.9396 83.9585 83.8917 83.7424 83.5139 83.2092 82.8316 82.3842 81.8704 81.2932 80.6558 79.9615 79.2133 78.4147 77.5686 76.6783 75.747 74.7779 73.7741 72.7389 71.6755 70.587 69.4766 68.3476 67.2031 66.0462 64.8803 63.7084 62.5338 61.3597 60.1893 59.0257 57.8721 56.7317 55.6078 54.5035 53.4219 52.3664 51.34 50.346 49.3876
42.9785 46.3412 49.5357 52.5651 55.4326 58.1413 60.6946 63.0954 65.3471 67.4529 69.4159 71.2393 72.9263 74.4801 75.9039 77.2008 78.3742 79.4271 80.3628 81.1844 81.8951 82.4982 82.9968 83.394 83.6932 83.8975 84.01 84.034 83.9727 83.8292 83.6067 83.3085 82.9377 82.4975 81.9911 81.4217 80.7925 80.1066 79.3673 78.5778 77.7412 76.8607 75.9396 74.981 73.988 72.964 71.9121 70.8354 69.7372 68.6207 67.489 66.3454 65.1929 64.0349 62.8745 61.7149 60.5593 59.4109 58.2729 57.1484 56.0407 54.9529 53.8882 52.8499 51.8411 50.865 49.9248
42.9678 46.3271 49.5184 52.5449 55.4099 58.1165 60.6679 63.0673 65.3179 67.4228 69.3853 71.2086 72.8958 74.4501 75.8748 77.1729 78.3479 79.4026 80.3405 81.1647 81.8783 82.4846 82.9867 83.3879 83.6913 83.9001 84.0175 84.0468 83.991 83.8534 83.6372 83.3456 82.9817 82.5487 82.0499 81.4884 80.8675 80.1902 79.4599 78.6796 77.8526 76.9821 76.0712 75.1232 74.1412 73.1285 72.0882 71.0235 69.9376 68.8336 67.7149 66.5846 65.4458 64.3018 63.1557 62.0107 60.8701 59.737 58.6146 57.5061 56.4147 55.3436 54.2959 53.2749 52.2838 51.3257 50.4038
42.8931 46.249 49.4373 52.4611 55.3237 58.0283 60.578 62.976 65.2256 67.3298 69.292 71.1152 72.8027 74.3577 75.7833 77.0828 78.2594 79.3162 80.2564 81.0832 81.7998 82.4094 82.9153 83.3204 83.6282 83.8417 83.9641 83.9987 83.9487 83.8171 83.6072 83.3223 82.9654 82.5399 82.0488 81.4953 80.8827 80.2142 79.4929 78.722 77.9047 77.0443 76.1438 75.2065 74.2356 73.2342 72.2057 71.153 70.0795 68.9884 67.8827 66.7658 65.6408 64.5108 63.3792 62.249 61.1235 60.0058 58.8992 57.8068 56.7318 55.6775 54.6469 53.6434 52.67 51.73 50.8266
42.7564 46.1091 49.2944 52.3157 55.176 57.8786 60.4268 62.8236 65.0722 67.1758 69.1377 70.9611 72.649 74.2048 75.6315 76.9325 78.1108 79.1697 80.1123 80.9419 81.6617 82.2748 82.7843 83.1937 83.5059 83.7242 83.8518 83.8918 83.8476 83.7221 83.5188 83.2406 82.8909 82.4728 81.9896 81.4443 80.8402 80.1805 79.4683 78.7069 77.8995 77.0492 76.1592 75.2328 74.2731 73.2832 72.2665 71.2261 70.1651 69.0868 67.9944 66.891 65.7798 64.6641 63.5469 62.4316 61.3213 60.2192 59.1285 58.0523 56.9939 55.9564 54.9431 53.9571 53.0017 52.0799 51.1951
42.5596 45.9091 49.0917 52.1104 54.9686 57.6695 60.2161 62.6118 64.8596 66.9628 68.9246 70.7481 72.4366 73.9933 75.4212 76.7237 77.904 78.9651 79.9103 80.7428 81.4658 82.0824 82.5959 83.0095 83.3263 83.5495 83.6823 83.728 83.6896 83.5705 83.3737 83.1025 82.76 82.3496 81.8742 81.3372 80.7417 80.0909 79.3881 78.6363 77.8388 76.9988 76.1195 75.204 74.2556 73.2774 72.2727 71.2445 70.1962 69.1309 68.0518 66.962 65.8648 64.7634 63.6609 62.5606 61.4657 60.3792 59.3045 58.2446 57.2029 56.1825 55.1865 54.2182 53.2807 52.3773 51.5112
42.3047 45.6511 48.831 51.8474 54.7036 57.4027 59.948 62.3426 64.5898 66.6926 68.6544 70.4783 72.1675 73.7251 75.1544 76.4586 77.6408 78.7043 79.6522 80.4877 81.214 81.8343 82.3519 82.7698 83.0913 83.3195 83.4577 83.5091 83.4768 83.364 83.1739 82.9098 82.5747 82.172 81.7047 81.1761 80.5893 79.9476 79.2541 78.5121 77.7247 76.8951 76.0265 75.1221 74.1851 73.2187 72.226 71.2103 70.1747 69.1225 68.0568 66.9808 65.8978 64.8108 63.7231 62.6379 61.5584 60.4877 59.4291 58.3857 57.3608 56.3574 55.3789 54.4284 53.5091 52.6242 51.7769
41.9934 45.337 48.5142 51.5284 54.3827 57.0803 59.6243 62.0181 64.2647 66.3673 68.3292 70.1535 71.8434 73.4022 74.8329 76.1389 77.3233 78.3892 79.3399 80.1785 80.9083 81.5325 82.0542 82.4765 82.8028 83.0363 83.1799 83.2371 83.211 83.1047 82.9215 82.6645 82.3369 81.942 81.4829 80.9628 80.3849 79.7523 79.0684 78.3362 77.559 76.7399 75.8822 74.989 74.0635 73.109 72.1285 71.1253 70.1026 69.0636 68.0115 66.9494 65.8805 64.8081 63.7353 62.6653 61.6014 60.5466 59.5042 58.4774 57.4694 56.4833 55.5224 54.5898 53.6888 52.8224 51.994
