doc/test2.grd
DSAA
100 100
313.392 497.411
312.714 491.243
0.732947 96.7849
[rows 29 to 57 of 100, columns 0 to 66 of 100]
-283.228 -269.17 -255.569 -242.416 -229.704 -217.426 -205.574 -194.14 -183.117 -172.497 -162.273 -152.437 -142.982 -133.899 -125.182 -116.823 -108.814 -101.148 -93.8169 -86.8136 -80.1303 -73.7595 -67.6936 -61.925 -56.4463 -51.2498 -46.328 -41.6732 -37.278 -33.1348 -29.236 -25.574 -22.1414 -18.9304 -15.9336 -13.1435 -10.5523 -8.15266 -5.9369 -3.89745 -2.02682 -0.317398 1.23837 2.64804 3.91921 5.05939 6.07617 6.97712 7.76979 8.46175 9.06057 9.5738 10.009 10.3738 10.6756 10.9221 11.1209 11.2795 11.4054 11.5062 11.5895 11.6629 11.7339 11.8101 11.899 12.0082 12.1452
-276.078 -262.247 -248.87 -235.938 -223.445 -211.382 -199.742 -188.519 -177.703 -167.288 -157.265 -147.628 -138.369 -129.48 -120.954 -112.783 -104.959 -97.4752 -90.324 -83.4977 -76.9887 -70.7894 -64.8923 -59.2897 -53.9742 -48.9382 -44.1741 -39.6744 -35.4313 -31.4376 -27.6856 -24.1676 -20.8762 -17.8037 -14.9427 -12.2855 -9.82456 -7.55237 -5.46133 -3.54386 -1.79244 -0.199498 1.24255 2.54125 3.7042 4.73892 5.65299 6.45397 7.14943 7.74693 8.25404 8.67831 9.02732 9.30861 9.52977 9.69835 9.82191 9.90801 9.96423 9.99812 10.0172 10.0292 10.0415 10.0617 10.0974 10.1562 10.2456
-268.878 -255.271 -242.115 -229.403 -217.126 -205.277 -193.848 -182.832 -172.221 -162.009 -152.186 -142.746 -133.681 -124.984 -116.646 -108.661 -101.021 -93.7174 -86.744 -80.0927 -73.7559 -67.7261 -61.9957 -56.5571 -51.4028 -46.5253 -41.917 -37.5702 -33.4775 -29.6312 -26.0239 -22.6479 -19.4958 -16.5597 -13.8324 -11.3062 -8.97353 -6.82682 -4.8585 -3.061 -1.42681 0.0516662 1.38199 2.57173 3.62847 4.55972 5.37307 6.07609 6.67634 7.18139 7.59879 7.93611 8.20091 8.40075 8.5432 8.63583 8.68619 8.70185 8.69037 8.65932 8.61626 8.56874 8.52435 8.49063 8.47515 8.48548 8.52918
-261.632 -248.248 -235.312 -222.816 -210.753 -199.116 -187.896 -177.086 -166.679 -156.666 -147.042 -137.797 -128.924 -120.416 -112.265 -104.464 -97.005 -89.8803 -83.0826 -76.6042 -70.4377 -64.5754 -59.0098 -53.7331 -48.7381 -44.0171 -39.5625 -35.3668 -31.4222 -27.7215 -24.2569 -21.0209 -18.0059 -15.2044 -12.6088 -10.2116 -8.00513 -5.98189 -4.1343 -2.45477 -0.935797 0.430213 1.65082 2.7336 3.68612 4.51591 5.23055 5.83761 6.34466 6.75924 7.08894 7.3413 7.5239 7.64429 7.71005 7.72872 7.70789 7.6551 7.57793 7.48393 7.38068 7.27572 7.17664 7.09098 7.02632 6.99022 6.99023
-254.347 -241.183 -228.465 -216.184 -204.334 -192.906 -181.892 -171.286 -161.08 -151.267 -141.838 -132.786 -124.103 -115.783 -107.817 -100.198 -92.9179 -85.9696 -79.3457 -73.0384 -67.0401 -61.3433 -55.9404 -50.8237 -45.986 -41.4195 -37.1166 -33.0698 -29.2715 -25.7142 -22.3904 -19.2924 -16.4127 -13.7436 -11.2777 -9.00748 -6.92524 -5.02347 -3.2946 -1.73104 -0.325284 0.93026 2.04316 3.02097 3.87127 4.6016 5.21954 5.73264 6.14848 6.47461 6.7186 6.88801 6.99041 7.03335 7.02441 6.97114 6.88111 6.76188 6.62101 6.46608 6.30463 6.14424 5.99247 5.85688 5.74503 5.6645 5.62283
-247.028 -234.083 -221.58 -209.513 -197.872 -186.652 -175.843 -165.439 -155.433 -145.815 -136.58 -127.719 -119.225 -111.09 -103.307 -95.8677 -88.7651 -81.9914 -75.5392 -69.4009 -63.5688 -58.0355 -52.7933 -47.8347 -43.1522 -38.7381 -34.585 -30.6852 -27.0312 -23.6154 -20.4303 -17.4682 -14.7217 -12.1831 -9.84502 -7.69973 -5.73972 -3.95742 -2.34527 -0.895679 0.398859 1.54594 2.55312 3.42797 4.17806 4.81093 5.33416 5.7553 6.08193 6.32161 6.4819 6.57036 6.59455 6.56205 6.48041 6.35719 6.19996 6.01629 5.81374 5.59986 5.38223 5.16839 4.96594 4.78241 4.62538 4.50242 4.42107
-239.681 -226.953 -214.664 -202.807 -191.375 -180.36 -169.754 -159.551 -149.741 -140.319 -131.275 -122.603 -114.295 -106.344 -98.7412 -91.48 -84.5527 -77.9515 -71.669 -65.6977 -60.0299 -54.6581 -49.5746 -44.772 -40.2427 -35.9792 -31.9738 -28.219 -24.7071 -21.4308 -18.3824 -15.5544 -12.9391 -10.529 -8.3166 -6.29428 -4.45448 -2.78965 -1.29222 0.0454029 1.23073 2.27134 3.17481 3.9487 4.60058 5.138 5.56852 5.89971 6.13914 6.29436 6.37295 6.38246 6.33046 6.22451 6.07217 5.88101 5.6586 5.41248 5.15024 4.87942 4.6076 4.34234 4.0912 3.86174 3.66153 3.49813 3.37911
-232.313 -219.799 -207.722 -196.074 -184.849 -174.037 -163.632 -153.626 -144.012 -134.782 -125.928 -117.443 -109.319 -101.549 -94.1257 -87.0406 -80.2865 -73.8558 -67.7411 -61.9347 -56.4292 -51.2168 -46.2901 -41.6415 -37.2634 -33.1484 -29.2887 -25.6769 -22.3053 -19.1664 -16.2528 -13.5567 -11.0706 -8.78701 -6.69833 -4.79698 -3.0754 -1.52604 -0.141318 1.08634 2.16445 3.1006 3.90237 4.5773 5.13297 5.57693 5.91675 6.15999 6.31421 6.38699 6.38588 6.31844 6.19224 6.01485 5.79382 5.53672 5.25111 4.94456 4.62463 4.29888 3.97487 3.66017 3.36235 3.08896 2.84758 2.64575 2.49105
-224.929 -212.627 -200.76 -189.319 -178.298 -167.688 -157.482 -147.672 -138.251 -129.211 -120.545 -112.245 -104.304 -96.7133 -89.4663 -82.5552 -75.9723 -69.7101 -63.7612 -58.1178 -52.7725 -47.7176 -42.9457 -38.449 -34.2202 -30.2516 -26.5357 -23.0648 -19.8315 -16.8281 -14.0472 -11.4811 -9.12222 -6.96307 -4.9961 -3.21372 -1.60836 -0.172455 1.10155 2.22124 3.19414 4.02784 4.72989 5.30787 5.76934 6.12184 6.37296 6.53025 6.60127 6.5936 6.51479 6.37241 6.17402 5.92718 5.63946 5.31842 4.97162 4.60663 4.23102 3.85233 3.47815 3.11601 2.77351 2.4582 2.17763 1.93938 1.75101
-217.534 -205.443 -193.784 -182.548 -171.729 -161.319 -151.309 -141.693 -132.464 -123.612 -115.132 -107.015 -99.254 -91.8411 -84.7688 -78.0297 -71.6161 -65.5204 -59.7351 -54.2528 -49.0657 -44.1663 -39.5471 -35.2004 -31.1189 -27.2947 -23.7205 -20.3887 -17.2915 -14.4217 -11.7714 -9.3333 -7.09969 -5.06301 -3.21576 -1.55034 -0.059199 1.26524 2.43053 3.44426 4.31395 5.04719 5.65153 6.13455 6.50381 6.76686 6.93128 7.00462 6.99445 6.90833 6.75382 6.53849 6.26991 5.95563 5.60322 5.22024 4.81425 4.39283 3.96353 3.53391 3.11154 2.70398 2.3188 1.96356 1.64581 1.37314 1.15309
-210.136 -198.253 -186.8 -175.767 -165.148 -154.935 -145.12 -135.697 -126.656 -117.992 -109.695 -101.759 -94.1762 -86.9387 -80.0392 -73.4701 -67.2237 -61.2925 -55.669 -50.3456 -45.3148 -40.5689 -36.1004 -31.9017 -27.9654 -24.2837 -20.8493 -17.6544 -14.6915 -11.9531 -9.43155 -7.11939 -5.00899 -3.09278 -1.36325 0.187204 1.56614 2.78111 3.83969 4.74946 5.51795 6.15273 6.66137 7.05144 7.33049 7.50609 7.58581 7.5772 7.48783 7.32527 7.09707 6.8108 6.47403 6.09431 5.67921 5.23629 4.77312 4.29727 3.81628 3.33774 2.86919 2.4182 1.99234 1.59917 1.24626 0.941159 0.691437
-202.739 -191.063 -179.813 -168.982 -158.561 -148.544 -138.922 -129.688 -120.835 -112.355 -104.24 -96.4828 -89.076 -82.0121 -75.2834 -68.8822 -62.8011 -57.0323 -51.5686 -46.4022 -41.5256 -36.9312 -32.6114 -28.5587 -24.7656 -21.2244 -17.9277 -14.8678 -12.0371 -9.42814 -7.03336 -4.84516 -2.85599 -1.05824 0.55558 1.99307 3.26179 4.36931 5.32318 6.13099 6.80027 7.3386 7.75354 8.05265 8.24351 8.33366 8.33068 8.24213 8.07557 7.83856 7.53867 7.18346 6.7805 6.33734 5.86156 5.3607 4.84235 4.31406 3.7834 3.25792 2.7452 2.25278 1.78824 1.35915 0.973068 0.63755 0.360158
-195.35 -183.879 -172.831 -162.198 -151.974 -142.15 -132.718 -123.673 -115.005 -106.707 -98.772 -91.1921 -83.9595 -77.0671 -70.5071 -64.2719 -58.354 -52.7458 -47.4398 -42.4284 -37.704 -33.2591 -29.086 -25.1773 -21.5254 -18.1227 -14.9617 -12.0347 -9.33426 -6.8528 -4.58274 -2.51651 -0.646547 1.03474 2.53484 3.86137 5.02188 6.02394 6.87511 7.58296 8.15504 8.59892 8.92215 9.13232 9.23698 9.24368 9.16001 8.99351 8.75176 8.44231 8.07272 7.65058 7.18343 6.67884 6.14437 5.58758 5.01605 4.43733 3.85899 3.28858 2.73368 2.20184 1.70064 1.23762 0.820366 0.456429 0.15337
-187.975 -176.706 -165.857 -155.422 -145.392 -135.759 -126.517 -117.657 -109.172 -101.055 -93.2978 -85.8928 -78.8325 -72.1096 -65.7163 -59.6451 -53.8885 -48.4387 -43.2884 -38.43 -33.8558 -29.5584 -25.5301 -21.7633 -18.2507 -14.9845 -11.9571 -9.16116 -6.58891 -4.23292 -2.08557 -0.139304 1.61344 3.18026 4.56866 5.78623 6.84054 7.73914 8.4896 9.0995 9.57637 9.9278 10.1613 10.2846 10.305 10.2303 10.0679 9.82547 9.51053 9.13064 8.69337 8.20628 7.67695 7.11292 6.52177 5.91105 5.28834 4.66119 4.03717 3.42385 2.82877 2.2595 1.72363 1.2287 0.78227 0.391916 0.0651908
-180.618 -169.55 -158.899 -148.659 -138.821 -129.378 -120.322 -111.646 -103.343 -95.4043 -87.8228 -80.5908 -73.7008 -67.1453 -60.9168 -55.0076 -49.4102 -44.1169 -39.1204 -34.4129 -29.987 -25.835 -21.9495 -18.3227 -14.9472 -11.8155 -8.91989 -6.25288 -3.80685 -1.57433 0.452305 2.28061 3.91814 5.3725 6.65119 7.7618 8.71189 9.50904 10.1608 10.6747 11.0584 11.3194 11.4652 11.5035 11.4418 11.2876 11.0485 10.7321 10.346 9.89768 9.39472 8.8447 8.25518 7.63372 6.98789 6.32524 5.65335 4.97978 4.31208 3.65783 3.02458 2.41989 1.85134 1.32649 0.852901 0.438131 0.0897404
-173.288 -162.418 -151.963 -141.915 -132.268 -123.012 -114.141 -105.647 -97.5232 -89.761 -82.3531 -75.2922 -68.5704 -62.1804 -56.1146 -50.3654 -44.9252 -39.7864 -34.9416 -30.3831 -26.1034 -22.0949 -18.3501 -14.8613 -11.6211 -8.62178 -5.85591 -3.31587 -0.99406 1.117 3.02492 4.73726 6.26159 7.60549 8.77647 9.78212 10.63 11.3277 11.8828 12.3028 12.5952 12.7678 12.8279 12.7832 12.6413 12.4097 12.0959 11.7076 11.2523 10.7375 10.1709 9.55993 8.91223 8.23534 7.53683 6.82425 6.10518 5.38718 4.67781 3.98464 3.31522 2.67711 2.0779 1.52513 1.02637 0.589189 0.221136
-165.988 -155.314 -145.053 -135.197 -125.737 -116.667 -107.979 -99.6654 -91.7185 -84.1307 -76.8946 -70.0027 -63.4471 -57.2206 -51.3156 -45.7243 -40.4394 -35.453 -30.758 -26.3465 -22.211 -18.344 -14.7378 -11.385 -8.278 -5.4092 -2.77104 -0.355962 1.84363 3.83523 5.62644 7.22483 8.63794 9.87338 10.9387 11.8414 12.5891 13.1893 13.6497 13.9777 14.181 14.2671 14.2435 14.1179 13.8978 13.5907 13.2043 12.746 12.2235 11.6443 11.016 10.3461 9.64221 8.9119 8.16271 7.4022 6.63796 5.87754 5.1285 4.3984 3.69482 3.02529 2.39741 1.81873 1.29681 0.83921 0.453497
-158.725 -148.246 -138.177 -128.509 -119.236 -110.35 -101.842 -93.7065 -85.9347 -78.5195 -71.4532 -64.7282 -58.3368 -52.2718 -46.5255 -41.0902 -35.9585 -31.1227 -26.5753 -22.3088 -18.3155 -14.588 -11.1186 -7.89972 -4.92393 -2.1836 0.328848 2.62096 4.70034 6.57448 8.25098 9.73741 11.0413 12.1703 13.1319 13.9336 14.5831 15.0879 15.4556 15.6937 15.8098 15.8114 15.7062 15.5016 15.2053 14.8248 14.3677 13.8415 13.2538 12.6121 11.9241 11.1973 10.4393 9.65751 8.85965 8.05322 7.2458 6.44496 5.65825 4.89324 4.15748 3.45854 2.80399 2.2014 1.65832 1.18231 0.780939
-151.505 -141.219 -131.339 -121.859 -112.77 -104.065 -95.7362 -87.7764 -80.1779 -72.9332 -66.0346 -59.4746 -53.2455 -47.3399 -41.7503 -36.4691 -31.4886 -26.8012 -22.3996 -18.276 -14.423 -10.8329 -7.49821 -4.41131 -1.56474 1.04914 3.43787 5.60902 7.57019 9.32887 10.8927 12.2691 13.4658 14.4904 15.3502 16.053 16.6063 17.0177 17.2946 17.4448 17.4757 17.3949 17.21 16.9285 16.558 16.106 15.5802 14.9881 14.3372 13.6351 12.8895 12.1077 11.2975 10.4663 9.62177 8.77142 7.92283 7.08357 6.26119 5.46326 4.69734 3.97098 3.29178 2.66727 2.10503 1.61261 1.19758
-144.334 -134.238 -124.547 -115.251 -106.344 -97.8188 -89.6668 -81.881 -74.4538 -67.3775 -60.6447 -54.2476 -48.1788 -42.4307 -36.9959 -31.8666 -27.0353 -22.4944 -18.2365 -14.2539 -10.5391 -7.08449 -3.88253 -0.925598 1.79376 4.28317 6.55019 8.60238 10.4473 12.0926 13.5456 14.8142 15.9057 16.8277 17.5879 18.1938 18.6529 18.9728 19.161 19.2252 19.1729 19.0117 18.7491 18.3926 17.9499 17.4286 16.8361 16.18 15.4679 14.7075 13.9061 13.0714 12.211 11.3324 10.4432 9.55093 8.66318 7.78749 6.93145 6.1026 5.30852 4.55675 3.85488 3.21046 2.63106 2.12424 1.69756
-137.218 -127.311 -117.805 -108.692 -99.9655 -91.6175 -83.6402 -76.0264 -68.7684 -61.8586 -55.2895 -49.0535 -43.1428 -37.5503 -32.2681 -27.2888 -22.6047 -18.2083 -14.0921 -10.2485 -6.66993 -3.34879 -0.277543 2.55142 5.14557 7.51252 9.65982 11.5951 13.3258 14.8596 16.204 17.3665 18.3548 19.1764 19.8389 20.3498 20.7167 20.9472 21.0488 21.029 20.8955 20.6558 20.3175 19.8882 19.3753 18.7865 18.1293 17.4113 16.6401 15.8232 14.9681 14.0825 13.1739 12.2499 11.318 10.3858 9.46093 8.55083 7.66312 6.80536 5.98511 5.20993 4.4874 3.82508 3.23052 2.7113 2.27496
-130.162 -120.441 -111.119 -102.187 -93.6392 -85.4667 -77.6622 -70.2184 -63.1276 -56.3823 -49.9749 -43.8978 -38.1434 -32.7043 -27.5729 -22.7416 -18.2027 -13.9488 -9.97231 -6.26566 -2.82129 0.368388 3.31092 6.01392 8.48486 10.7313 12.761 14.5812 16.1998 17.6241 18.8618 19.9204 20.8075 21.5307 22.0974 22.5154 22.7921 22.9351 22.952 22.8503 22.6376 22.3215 21.9095 21.4092 20.8282 20.1739 19.4541 18.6761 17.8477 16.9764 16.0697 15.1352 14.1804 13.213 12.2404 11.2703 10.3102 9.36771 8.45033 7.56566 6.72125 5.92466 5.18348 4.50525 3.89754 3.36791 2.92392
-123.173 -113.637 -104.496 -95.7434 -87.3714 -79.3723 -71.7386 -64.4627 -57.5372 -50.9544 -44.7067 -38.7866 -33.1864 -27.8988 -22.9161 -18.2307 -13.8351 -9.72165 -5.88289 -2.31121 1.00095 4.06116 6.87699 9.45602 11.8058 13.9338 15.8477 17.555 19.0633 20.3802 21.5132 22.4698 23.2578 23.8845 24.3576 24.6846 24.8731 24.9307 24.8649 24.6832 24.3934 24.0028 23.5191 22.9499 22.3027 21.585 20.8045 19.9686 19.085 18.1613 17.2049 16.2234 15.2245 14.2157 13.2044 12.1984 11.2052 10.2322 9.28721 8.37762 7.51106 6.69506 5.93722 5.24509 4.62622 4.08819 3.63855
-116.256 -106.902 -97.9412 -89.3657 -81.1679 -73.3403 -65.8752 -58.7654 -52.0031 -45.5808 -39.4908 -33.7257 -28.2777 -23.1396 -18.3036 -13.7622 -9.50781 -5.53281 -1.82976 1.60895 4.7909 7.72365 10.4148 12.8718 15.1024 17.1139 18.9141 20.5105 21.9106 23.1221 24.1523 25.0091 25.6998 26.232 26.6134 26.8515 26.9538 26.928 26.7815 26.5219 26.1569 25.6939 25.1405 24.5044 23.7929 23.0138 22.1746 21.2829 20.3461 19.3719 18.3678 17.3415 16.3004 15.2521 14.2042 13.1643 12.1399 11.1386 10.1679 9.23537 8.34865 7.51524 6.74275 6.03871 5.4107 4.86626 4.41297
-109.417 -100.244 -91.4606 -83.06 -75.0344 -67.3764 -60.078 -53.1322 -46.5311 -40.2672 -34.333 -28.7209 -23.4232 -18.4325 -13.7412 -9.34178 -5.2266 -1.38807 2.18126 5.48901 8.54275 11.35 13.9184 16.2556 18.3689 20.266 21.9545 23.4419 24.7358 25.8438 26.7734 27.5322 28.1277 28.5675 28.8592 29.0103 29.0285 28.9212 28.696 28.3605 27.9223 27.3888 26.7678 26.0667 25.2931 24.4546 23.5587 22.613 21.6251 20.6025 19.5527 18.4834 17.4022 16.3165 15.234 14.1621 13.1085 12.0808 11.0864 10.133 9.22815 8.37934 7.5942 6.88026 6.24509 5.69626 5.24132
-102.663 -93.6676 -85.0601 -76.8325 -68.9772 -61.4866 -54.353 -47.5691 -41.1273 -35.0199 -29.2394 -23.7782 -18.6287 -13.7835 -9.23496 -4.97548 -0.997525 2.70655 6.14416 9.32295 12.2505 14.9343 17.382 19.6012 21.5993 23.384 24.9627 26.3432 27.5329 28.5395 29.3703 30.0332 30.5355 30.8849 31.0889 31.1551 31.091 30.9043 30.6024 30.193 29.6836 29.0817 28.395 27.631 26.7972 25.9013 24.9507 23.9531 22.916 21.847 20.7536 19.6434 18.524 17.4029 16.2877 15.1859 14.1052 13.053 12.037 11.0647 10.1437 9.28145 8.48565 7.76381 7.1235 6.57227 6.11769
-95.9978 -87.1793 -78.7456 -70.689 -63.0019 -55.6768 -48.7059 -42.082 -35.7974 -29.8445 -24.2157 -18.9035 -13.9002 -9.19848 -4.79064 -0.669131 3.17362 6.74522 10.0531 13.105 15.9083 18.4707 20.7997 22.9029 24.7878 26.462 27.9331 29.2086 30.2961 31.2032 31.9374 32.5063 32.9174 33.1784 33.2967 33.2799 33.1357 32.8715 32.495 32.0136 31.435 30.7668 30.0164 29.1914 28.2995 27.3481 26.3449 25.2973 24.2131 23.0996 21.9645 20.8154 19.6599 18.5053 17.3595 16.2298 15.1239 14.0494 13.0137 12.0245 11.0893 10.2157 9.41125 8.68351 8.04005 7.48843 7.03621
-89.429 -80.7849 -72.523 -64.6353 -57.1145 -49.9528 -43.1427 -36.6767 -30.5473 -24.7469 -19.2678 -14.1026 -9.24353 -4.68327 -0.414147 3.5714 7.28094 10.7221 13.9023 16.8292 19.5103 21.9532 24.1655 26.1547 27.9285 29.4942 30.8596 32.0322 33.0195 33.8292 34.4687 34.9456 35.2675 35.4421 35.4767 35.379 35.1566 34.817 34.3678 33.8165 33.1707 32.438 31.6259 30.7421 29.7939 28.7891 27.7352 26.6398 25.5104 24.3545 23.1798 21.9937 20.804 19.6181 18.4436 17.288 16.1589 15.064 14.0106 13.0065 12.0592 11.1762 10.3651 9.63347 8.98887 8.43886 7.99099
-82.9617 -74.4902 -66.3979 -58.6773 -51.3206 -44.3205 -37.6691 -31.3591 -25.3829 -19.7329 -14.4016 -9.38132 -4.66449 -0.243696 3.88871 7.7403 11.3186 14.6313 17.6858 20.4897 23.0506 25.3761 27.4737 29.351 31.0155 32.4748 33.7365 34.8081 35.6973 36.4115 36.9583 37.3453 37.58 37.6701 37.6231 37.4465 37.1478 36.7348 36.2149 35.5957 34.8847 34.0896 33.2179 32.2771 31.2748 30.2186 29.116 27.9746 26.802 25.6058 24.3934 23.1724 21.9505 20.7352 19.534 18.3545 17.2043 16.091 15.022 14.005 13.0475 12.1571 11.3414 10.6078 9.96408 9.41768 8.97617
