doc/test2.grd
DSAA
100 100
313.392 497.411
312.714 491.243
0.732947 96.7849
[rows 58 to 86 of 100, columns 0 to 66 of 100]
-76.6022 -68.3011 -60.3766 -52.8209 -45.6265 -38.7858 -32.2911 -26.1351 -20.3102 -14.8087 -9.62303 -4.74573 -0.169118 4.11422 8.11192 11.8315 15.2807 18.4669 21.3977 24.0806 26.5233 28.7334 30.7182 32.4856 34.0429 35.3978 36.5578 37.5305 38.3234 38.9442 39.4003 39.6994 39.8489 39.8566 39.7298 39.4763 39.1035 38.6191 38.0305 37.3453 36.5712 35.7157 34.7862 33.7905 32.7361 31.6304 30.4812 29.2959 28.0821 26.8475 25.5994 24.3456 23.0935 21.8508 20.6249 19.4235 18.2542 17.1244 16.0418 15.0139 14.0483 13.1525 12.3341 11.6007 10.9598 10.419 9.98584
-70.3562 -62.2236 -54.4648 -47.0721 -40.0379 -33.3546 -27.0147 -21.0107 -15.3349 -9.97987 -4.93796 -0.201616 4.23678 8.38466 12.2497 15.8393 19.1612 22.223 25.0321 27.5961 29.9226 32.0192 33.8934 35.5528 37.0049 38.2573 39.3176 40.1934 40.8921 41.4214 41.7889 42.002 42.0684 41.9956 41.7912 41.4627 41.0178 40.4639 39.8086 39.0595 38.2242 37.3103 36.3252 35.2766 34.1719 33.0189 31.825 30.5978 29.3449 28.0738 26.792 25.5073 24.2271 22.9589 21.7105 20.4892 19.3026 18.1585 17.0642 16.0274 15.0556 14.1565 13.3374 12.6061 11.9701 11.4369 11.0141
-64.2295 -56.2634 -48.6683 -41.4366 -34.5606 -28.0328 -21.8456 -15.9916 -10.463 -5.25243 -0.352233 4.24515 8.54733 12.5618 16.296 19.7577 22.9545 25.8938 28.5831 31.0302 33.2425 35.2276 36.9931 38.5466 39.8955 41.0475 42.0101 42.7909 43.3975 43.8374 44.1181 44.2473 44.2325 44.0813 43.8012 43.3998 42.8847 42.2634 41.5434 40.7324 39.838 38.8676 37.8288 36.7293 35.5765 34.378 33.1415 31.8744 30.5843 29.2788 27.9654 26.6517 25.3454 24.0538 22.7847 21.5455 20.3438 19.1873 18.0834 17.0397 16.0638 15.1632 14.3455 13.6183 12.9891 12.4656 12.0552
-58.2281 -50.4265 -42.9931 -35.9203 -29.2006 -22.8263 -16.7898 -11.0837 -5.70036 -0.632238 4.12825 8.58867 12.7566 16.6396 20.2452 23.5809 26.6545 29.4733 32.045 34.3771 36.4772 38.3529 40.0117 41.4612 42.7089 43.7625 44.6294 45.3173 45.8337 46.1861 46.3822 46.4295 46.3355 46.1078 45.7541 45.2817 44.6984 44.0117 43.2291 42.3582 41.4065 40.3817 39.2913 38.1428 36.9439 35.702 34.4248 33.1198 31.7945 30.4566 29.1136 27.773 26.4425 25.1296 23.8418 22.5867 21.3719 20.2049 19.0934 18.0448 17.0667 16.1667 15.3524 14.6314 14.0111 13.4991 13.1031
-52.3577 -44.7186 -37.4449 -30.5291 -23.9636 -17.7408 -11.853 -6.29286 -1.05275 3.87491 8.49769 12.8231 16.8589 20.6124 24.0913 27.3031 30.2554 32.9558 35.4118 37.631 39.6209 41.3891 42.9432 44.2908 45.4393 46.3964 47.1697 47.7666 48.1948 48.4618 48.5752 48.5425 48.3714 48.0693 47.6438 47.1026 46.4531 45.7029 44.8597 43.9308 42.924 41.8468 40.7067 39.5113 38.2682 36.9849 35.6691 34.3281 32.9697 31.6014 30.2307 28.8653 27.5126 26.1803 24.8758 23.6068 22.3809 21.2055 20.0883 19.0369 18.0587 17.1613 16.3524 15.6394 15.0299 14.5316 14.1519
-46.6245 -39.1458 -32.0299 -25.2691 -18.8557 -12.7824 -7.04128 -1.62512 3.47377 8.26298 12.75 16.9426 20.8481 24.4742 27.8283 30.9182 33.7513 36.3353 38.6775 40.7858 42.6675 44.3303 45.7817 47.0293 48.0807 48.9433 49.6249 50.1329 50.4749 50.6585 50.6912 50.5806 50.3343 49.9598 49.4646 48.8565 48.1428 47.3312 46.4293 45.4445 44.3846 43.2569 42.0692 40.8289 39.5436 38.2209 36.8684 35.4935 34.104 32.7073 31.3109 29.9226 28.5497 27.2 25.8809 24.6 23.3649 22.1832 21.0624 20.01 19.0337 18.1409 17.3393 16.6365 16.0399 15.5572 15.1959
-41.0341 -33.7139 -26.7537 -20.1459 -13.8827 -7.95684 -2.36047 2.91372 7.87341 12.5262 16.8795 20.9411 24.7184 28.219 31.4505 34.4204 37.1363 39.6058 41.8364 43.8357 45.6112 47.1706 48.5213 49.671 50.6272 51.3974 51.9893 52.4103 52.6682 52.7703 52.7244 52.5378 52.2183 51.7734 51.2106 50.5375 49.7617 48.8907 47.9321 46.8934 45.7823 44.6062 43.3728 42.0896 40.7642 39.4041 38.0169 36.6101 35.1914 33.7683 32.3483 30.9391 29.5481 28.1829 26.8512 25.5604 24.3182 23.1321 22.0096 20.9583 19.9859 19.0997 18.3075 17.6168 17.0351 16.57 16.2291
-35.5925 -28.4288 -21.6223 -15.1654 -9.05054 -3.27009 2.18356 7.3178 12.1403 16.6586 20.8802 24.8128 28.464 31.8411 34.9519 37.8039 40.4046 42.7616 44.8825 46.7749 48.4462 49.9041 51.1562 52.2099 53.0729 53.7527 54.2569 54.5931 54.7687 54.7914 54.6688 54.4083 54.0177 53.5043 52.8758 52.1398 51.3038 50.3754 49.3621 48.2715 47.1112 45.8888 44.6117 43.2876 41.924 40.5285 39.1087 37.672 36.2262 34.7786 33.337 31.9089 30.5017 29.1232 27.7808 26.4822 25.2348 24.0463 22.9242 21.876 20.9094 20.0319 19.251 18.5744 18.0096 17.5641 17.2456
-30.3056 -23.2964 -16.6416 -10.3337 -4.36499 1.272 6.58495 11.5812 16.2685 20.6543 24.7463 28.552 32.0789 35.3346 38.3267 41.0627 43.5502 45.7968 47.81 49.5974 51.1666 52.5251 53.6804 54.6402 55.412 56.0034 56.4219 56.6751 56.7706 56.7159 56.5186 56.1862 55.7264 55.1466 54.4545 53.6575 52.7634 51.7795 50.7136 49.5731 48.3656 47.0988 45.78 44.417 43.0173 41.5884 40.1379 38.6733 37.2023 35.7324 34.2711 32.8261 31.4048 30.0149 28.6639 27.3593 26.1088 24.9199 23.8001 22.7571 21.7984 20.9315 20.164 19.5035 18.9576 18.5337 18.2395
-25.1792 -18.3224 -11.8173 -5.65637 0.168102 5.66363 10.8379 15.6982 20.2523 24.5076 28.4719 32.1526 35.5574 38.6936 41.569 44.1911 46.5674 48.7056 50.6131 52.2975 53.7665 55.0275 56.0882 56.9561 57.6387 58.1436 58.4785 58.6508 58.6681 58.5379 58.2679 57.8656 57.3386 56.6944 55.9406 55.0848 54.1344 53.0972 51.9806 50.7922 49.5396 48.2303 46.8719 45.472 44.0381 42.5778 41.0986 39.6082 38.114 36.6237 35.1448 33.6848 32.2514 30.8521 29.4945 28.186 26.9344 25.7471 24.6317 23.5958 22.6469 21.7926 21.0405 20.3982 19.8731 19.4729 19.2051
-20.2193 -13.5129 -7.15559 -1.13957 4.54269 9.89877 14.9363 19.6627 24.0855 28.2125 32.051 35.6088 38.8933 41.9121 44.6728 47.183 49.4501 51.4818 53.2857 54.8692 56.24 57.4056 58.3736 59.1515 59.7469 60.1675 60.4206 60.514 60.4551 60.2515 59.9109 59.4407 58.8485 58.1418 57.3284 56.4156 55.4111 54.3225 53.1572 51.9229 50.6271 49.2774 47.8814 46.4466 44.9805 43.4908 41.985 40.4707 38.9554 37.4467 35.9521 34.4793 33.0357 31.629 30.2667 28.9564 27.7056 26.5219 25.4129 24.3861 23.4491 22.6095 21.8747 21.2525 20.7503 20.3757 20.1363
-15.4316 -8.87377 -2.66214 3.21092 8.75298 13.9716 18.8744 23.4688 27.7625 31.763 35.4779 38.9147 42.081 44.9844 47.6324 50.0326 52.1925 54.1198 55.822 57.3066 58.5811 59.6533 60.5306 61.2206 61.7309 62.069 62.2425 62.2589 62.1259 61.8509 61.4416 60.9054 60.2501 59.483 58.6119 57.6442 56.5876 55.4495 54.2376 52.9594 51.6224 50.2344 48.8027 47.3349 45.8387 44.3216 42.7912 41.2549 39.7205 38.1954 36.6872 35.2035 33.7518 32.3397 30.9748 29.6645 28.4166 27.2386 26.1379 25.1223 24.1991 23.3761 22.6607 22.0606 21.5833 21.2363 21.0273
-10.8222 -4.4108 1.65713 7.38923 12.7931 17.8763 22.6464 27.1109 31.2773 35.1534 38.7465 42.0644 45.1146 47.9045 50.4418 52.734 54.7888 56.6137 58.2161 59.6038 60.7842 61.7649 62.5536 63.1576 63.5847 63.8424 63.9382 63.8797 63.6745 63.3301 62.8541 62.2541 61.5375 60.7121 59.7853 58.7647 57.6579 56.4724 55.2159 53.8957 52.5196 51.0951 49.6298 48.1312 46.6068 45.0643 43.5112 41.9551 40.4035 38.864 37.3442 35.8516 34.3937 32.9783 31.6127 30.3046 29.0616 27.8911 26.8008 25.7983 24.891 24.0866 23.3927 22.8167 22.3662 22.0489 21.8722
-6.39685 -0.129895 5.79632 11.3895 16.6571 21.6068 26.2463 30.5828 34.6241 38.3777 41.8511 45.0521 47.988 50.6665 53.0951 55.2814 57.233 58.9574 60.4622 61.7549 62.8432 63.7345 64.4364 64.9566 65.3025 65.4818 65.5019 65.3705 65.0951 64.6833 64.1426 63.4807 62.705 61.8231 60.8427 59.7712 58.6162 57.3853 56.0861 54.7261 53.3128 51.8539 50.357 48.8294 47.2789 45.713 44.1393 42.5653 40.9985 39.4467 37.9172 36.4177 34.9557 33.5389 32.1747 30.8707 29.6345 28.4737 27.3958 26.4084 25.519 24.7352 24.0646 23.5148 23.0932 22.8075 22.6652
-2.16138 3.96312 9.74964 15.2058 20.3393 25.1576 29.6683 33.8789 37.7969 41.4301 44.7859 47.8718 50.6956 53.2647 55.5866 57.669 59.5194 61.1453 62.5544 63.7542 64.7523 65.5562 66.1734 66.6117 66.8784 66.9812 66.9277 66.7254 66.3818 65.9046 65.3013 64.5794 63.7465 62.8103 61.7782 60.6578 59.4566 58.1824 56.8425 55.4445 53.9961 52.5049 50.9782 49.4238 47.8491 46.2619 44.6695 43.0796 41.4997 39.9374 38.4003 36.8959 35.4318 34.0156 32.6548 31.3569 30.1296 28.9804 27.9169 26.9466 26.0771 25.3159 24.6707 24.149 23.7583 23.5063 23.4004
1.87819 7.86224 13.511 18.8323 23.8336 28.5224 32.9064 36.993 40.7899 44.3046 47.5447 50.5177 53.2313 55.6929 57.9102 59.8906 61.6418 63.1714 64.4868 65.5957 66.5056 67.224 67.7586 68.1169 68.3065 68.3349 68.2097 67.9385 67.5287 66.9881 66.3241 65.5443 64.6563 63.6676 62.5859 61.4186 60.1733 58.8576 57.4791 56.0452 54.5637 53.042 51.4877 49.9084 48.3116 46.7049 45.0959 43.4921 41.9011 40.3304 38.7877 37.2804 35.8162 34.4026 33.0471 31.7574 30.541 29.4054 28.3582 27.4071 26.5595 25.8229 25.2051 24.7135 24.3557 24.1393 24.0718
5.71605 11.5616 17.0747 22.2631 27.1341 31.6955 35.9548 39.9195 43.5972 46.9955 50.1219 52.984 55.5894 57.9455 60.0601 61.9406 63.5946 65.0298 66.2535 67.2734 68.0972 68.7322 69.1861 69.4665 69.5809 69.5369 69.342 69.0039 68.53 67.9279 67.2053 66.3696 65.4284 64.3893 63.2599 62.0477 60.7603 59.4052 57.99 56.5223 55.0096 53.4595 51.8796 50.2774 48.6604 47.0364 45.4127 43.797 42.1969 40.6198 39.0734 37.5653 36.1029 34.6939 33.3459 32.0662 30.8627 29.7427 28.714 27.7839 26.9602 26.2503 25.6619 25.2024 24.8795 24.7007 24.6736
9.3463 15.0554 20.4349 25.4922 30.2351 34.671 38.8076 42.6524 46.2129 49.4967 52.5114 55.2646 57.7638 60.0166 62.0304 63.813 65.3719 66.7146 67.8486 68.7816 69.5212 70.0748 70.4501 70.6545 70.6958 70.5813 70.3188 69.9157 69.3797 68.7182 67.9389 67.0493 66.057 64.9695 63.7944 62.5393 61.2117 59.8192 58.3694 56.8698 55.3279 53.7515 52.1479 50.5248 48.8897 47.2503 45.614 43.9884 42.3811 40.7997 39.2517 37.7446 36.2862 34.8838 33.5451 32.2776 31.0889 29.9866 28.9782 28.0713 27.2735 26.5922 26.0351 25.6098 25.3238 25.1846 25.1999
12.7631 18.3378 23.5855 28.5139 33.1306 37.4431 41.459 45.1858 48.6312 51.8026 54.7076 57.3538 59.7488 61.9002 63.8154 65.502 66.9677 68.2199 69.2663 70.1144 70.7718 71.246 71.5446 71.6751 71.6452 71.4623 71.1342 70.6682 70.0719 69.3531 68.5191 67.5776 66.5361 65.4022 64.1835 62.8875 61.5218 60.0939 58.6114 57.0819 55.5129 53.912 52.2868 50.6448 48.9936 47.3408 45.6938 44.0604 42.448 40.8642 39.3165 37.8126 36.36 34.9663 33.6389 32.3856 31.2138 30.1311 29.1451 28.2633 27.4933 26.8427 26.319 25.9299 25.6827 25.5852 25.6449
15.9605 21.4028 26.5208 31.3223 35.8147 40.0058 43.903 47.5139 50.846 53.907 56.7043 59.2456 61.5385 63.5904 65.4089 67.0016 68.3761 69.54 70.5007 71.2658 71.843 72.2398 72.4637 72.5224 72.4233 72.174 71.7822 71.2553 70.6009 69.8266 68.94 67.9486 66.86 65.6816 64.4213 63.0864 61.6845 60.2232 58.7101 57.1527 55.5586 53.9353 52.2904 50.6316 48.9662 47.302 45.6464 44.0071 42.3916 40.8074 39.2621 37.7633 36.3186 34.9354 33.6215 32.3843 31.2313 30.1703 29.2087 28.354 27.614 26.996 26.5077 26.1566 25.9504 25.8965 26.0026
18.9327 24.2445 29.2348 33.9114 38.2816 42.3532 46.1338 49.6307 52.8517 55.8042 58.4959 60.9342 63.1269 65.0814 66.8052 68.306 69.5913 70.6688 71.5458 72.2301 72.7291 73.0504 73.2017 73.1904 73.0242 72.7105 72.257 71.6712 70.9606 70.133 69.1957 68.1564 67.0226 65.8019 64.5019 63.1301 61.694 60.2014 58.6596 57.0763 55.459 53.8154 52.1529 50.4791 48.8017 47.128 45.4658 43.8226 42.206 40.6234 39.0825 37.5908 36.156 34.7855 33.4869 32.2678 31.1358 30.0984 29.1631 28.3376 27.6294 27.0461 26.5952 26.2843 26.121 26.1127 26.2672
21.6737 26.8571 31.7217 36.2753 40.5254 44.4796 48.1455 51.5305 54.6422 57.4883 60.0763 62.4137 64.5082 66.3673 67.9984 69.4093 70.6075 71.6005 72.3958 73.0012 73.424 73.672 73.7526 73.6734 73.442 73.0659 72.5527 71.91 71.1453 70.2662 69.2803 68.1951 67.0182 65.7571 64.4194 63.0127 61.5445 60.0225 58.4541 56.8468 55.2085 53.5464 51.8683 50.1817 48.494 46.813 45.1462 43.5011 41.8853 40.3064 38.7719 37.2893 35.8664 34.5105 33.2293 32.0303 30.9212 29.9094 29.0026 28.2082 27.5339 26.9872 26.5757 26.3069 26.1885 26.2279 26.4328
24.1778 29.2347 33.9756 38.4083 42.5402 46.3789 49.9321 53.2072 56.2118 58.9534 61.4397 63.6783 65.6766 67.4422 68.9827 70.3056 71.4186 72.3292 73.0449 73.5733 73.922 74.0986 74.1105 73.9654 73.6708 73.2343 72.6635 71.9659 71.149 70.2206 69.188 68.0589 66.8408 65.5413 64.168 62.7284 61.2301 59.6806 58.0876 56.4585 54.8009 53.1225 51.4308 49.7333 48.0375 46.3511 44.6817 43.0367 41.4238 39.8505 38.3243 36.8529 35.4438 34.1046 32.8428 31.6659 30.5817 29.5975 28.7211 27.9599 27.3214 26.8134 26.4433 26.2187 26.1471 26.2362 26.4935
26.439 31.3714 35.9907 40.3044 44.3201 48.0454 51.4879 54.6551 57.5545 60.1937 62.5803 64.7219 66.6261 68.3002 69.7521 70.9891 72.0189 72.8491 73.4871 73.9406 74.2172 74.3243 74.2696 74.0605 73.7048 73.2099 72.5834 71.8329 70.9659 69.99 68.9128 67.7418 66.4846 65.1487 63.7417 62.2712 60.7448 59.1699 57.5542 55.9053 54.2306 52.5378 50.8344 49.128 47.4261 45.7364 44.0663 42.4235 40.8154 39.2497 37.734 36.2757 34.8825 33.5619 32.3215 31.1688 30.1114 29.1569 28.3128 27.5867 26.9862 26.5188 26.1921 26.0136 25.991 26.1317 26.4434
28.4513 33.2614 37.7609 41.9577 45.8593 49.4731 52.8069 55.8682 58.6644 61.2032 63.4921 65.5388 67.3508 68.9355 70.3007 71.4538 72.4025 73.1542 73.7166 74.0972 74.3035 74.3433 74.2239 73.953 73.5381 72.9868 72.3066 71.5052 70.5901 69.5688 68.4489 67.238 65.9436 64.5733 63.1347 61.6354 60.0828 58.4845 56.8482 55.1814 53.4916 51.7864 50.0734 48.3601 46.6541 44.963 43.2942 41.6555 40.0544 38.4983 36.9949 35.5518 34.1765 32.8765 31.6595 30.5329 29.5044 28.5815 27.7719 27.0829 26.5223 26.0975 25.8162 25.6859 25.7142 25.9085 26.2766
30.2091 34.8986 39.2805 43.3624 47.1517 50.6562 53.8833 56.8406 59.5357 61.976 64.1693 66.1231 67.8449 69.3422 70.6227 71.6939 72.5634 73.2387 73.7274 74.0371 74.1753 74.1496 73.9676 73.6368 73.1647 72.559 71.8272 70.9769 70.0156 68.9509 67.7904 66.5416 65.2121 63.8094 62.3412 60.8149 59.2382 57.6186 55.9636 54.2809 52.578 50.8624 49.1417 47.4236 45.7154 44.0249 42.3596 40.727 39.1348 37.5903 36.1013 34.6753 33.3199 32.0425 30.8509 29.7525 28.7549 27.8657 27.0924 26.4426 25.9239 25.5437 25.3098 25.2297 25.3108 25.5608 25.9873
31.7062 36.2774 40.5436 44.5125 48.1917 51.5887 54.7112 57.5665 60.1624 62.5064 64.606 66.4688 68.1024 69.5144 70.7122 71.7035 72.4958 73.0967 73.5138 73.7545 73.8266 73.7375 73.4948 73.1061 72.5789 71.9208 71.1393 70.2421 69.2367 68.1306 66.9314 65.6467 64.2841 62.851 61.3551 59.804 58.2051 56.5661 54.8946 53.1979 51.4839 49.7599 48.0337 46.3126 44.6044 42.9165 41.2565 39.6321 38.0507 36.5199 35.0473 33.6404 32.3068 31.0542 29.8899 28.8216 27.8569 27.0033 26.2684 25.6598 25.185 24.8515 24.667 24.639 24.775 25.0827 25.5696
32.937 37.3917 41.5443 45.4023 48.9733 52.2648 55.2846 58.0401 60.5388 62.7883 64.7962 66.5702 68.1176 69.4461 70.5633 71.4767 72.1938 72.7223 73.0697 73.2436 73.2515 73.101 72.7996 72.355 71.7747 71.0662 70.2371 69.295 68.2474 67.1019 65.8661 64.5475 63.1537 61.6923 60.1708 58.5967 56.9777 55.3214 53.6351 51.9266 50.2034 48.4731 46.7432 45.0213 43.3149 41.6317 39.9791 38.3648 36.7963 35.2811 33.8269 32.4412 31.1315 29.9054 28.7706 27.7344 26.8046 25.9887 25.2942 24.7287 24.2998 24.015 23.8819 23.908 24.101 24.4683 25.0176
33.8955 38.2358 42.2766 46.0257 49.4905 52.6787 55.5978 58.2553 60.6588 62.816 64.7342 66.4212 67.8845 69.1316 70.1701 71.0076 71.6516 72.1097 72.3894 72.4984 72.4441 72.2342 71.8762 71.3777 70.7462 69.9893 69.1145 68.1295 67.0418 65.8589 64.5885 63.238 61.8151 60.3273 58.7821 57.1872 55.5501 53.8783 52.1795 50.4611 48.7308 46.9961 45.2646 43.5438 41.8413 40.1647 38.5215 36.9193 35.3657 33.8681 32.4343 31.0717 29.7879 28.5905 27.487 26.485 25.5921 24.8159 24.1638 23.6434 23.2624 23.0282 22.9485 23.0308 23.2827 23.7117 24.3254
