doc/test3.grd
DSAA
100 100
322.511 500.662
315.057 483.023
7.11925 87.9848
[rows 60 to 89 of 100, columns 0 to 66 of 100]
14.958 18.2694 21.4249 24.4277 27.281 29.9881 32.5521 34.9761 37.2634 39.4172 41.4406 43.3369 45.1092 46.7608 48.2947 49.7143 51.0227 52.2231 53.3187 54.3126 55.2081 56.0084 56.7166 57.3359 57.8695 58.3207 58.6926 58.9884 59.2113 59.3644 59.451 59.4743 59.4374 59.3436 59.196 58.9978 58.7523 58.4625 58.1317 57.7631 57.3599 56.9253 56.4624 55.9744 55.4646 54.9361 54.3921 53.8359 53.2705 52.6992 52.1252 51.5517 50.9818 50.4188 49.8658 49.3261 48.8028 48.299 47.8181 47.3632 46.9375 46.5441 46.1863 45.8673 45.5902 45.3582 45.1746
13.8642 17.1764 20.3331 23.3374 26.1926 28.9018 31.4683 33.8952 36.1857 38.343 40.3703 42.2708 44.0476 45.7041 47.2432 48.6684 49.9826 51.1892 52.2913 53.2922 54.1949 55.0027 55.7188 56.3464 56.8886 57.3487 57.7298 58.0351 58.2679 58.4313 58.5285 58.5627 58.5371 58.4548 58.3192 58.1332 57.9003 57.6234 57.3059 56.9509 56.5617 56.1413 55.693 55.22 54.7255 54.2126 53.6846 53.1446 52.5959 52.0416 51.4849 50.929 50.3771 49.8324 49.298 48.7772 48.2732 47.7892 47.3282 46.8937 46.4886 46.1162 45.7798 45.4824 45.2273 45.0177 44.8567
12.7778 16.091 19.2489 22.2549 25.112 27.8236 30.3927 32.8225 35.1163 37.2773 39.3085 41.2133 42.9948 44.6562 46.2007 47.6315 48.9518 50.1647 51.2735 52.2813 53.1914 54.0069 54.731 55.3669 55.9178 56.3869 56.7774 57.0924 57.3352 57.509 57.6169 57.6621 57.6478 57.5773 57.4537 57.2801 57.0598 56.7961 56.4919 56.1507 55.7755 55.3695 54.9359 54.478 53.9988 53.5017 52.9898 52.4662 51.9342 51.397 50.8577 50.3196 49.7857 49.2595 48.7439 48.2422 47.7576 47.2933 46.8525 46.4384 46.0541 45.7028 45.3878 45.1122 44.8792 44.6921 44.5539
11.7007 15.0149 18.1743 21.1819 24.0412 26.7551 29.327 31.7599 34.0572 36.2218 38.2572 40.1664 41.9527 43.6192 45.1692 46.6057 47.9321 49.1515 50.267 51.282 52.1995 53.0228 53.755 54.3994 54.9591 55.4373 55.8372 56.1621 56.415 56.5993 56.718 56.7744 56.7716 56.7129 56.6014 56.4403 56.2329 55.9823 55.6917 55.3643 55.0032 54.6117 54.193 53.7503 53.2866 52.8054 52.3096 51.8026 51.2874 50.7674 50.2457 49.7254 49.2098 48.702 48.2053 47.7229 47.2578 46.8134 46.3928 45.9992 45.6358 45.3058 45.0124 44.7587 44.548 44.3834 44.2681
10.6347 13.9501 17.111 20.1206 22.982 25.6985 28.2732 30.7094 33.0101 35.1787 37.2183 39.132 40.9232 42.5949 44.1504 45.5929 46.9255 48.1514 49.2739 50.2961 51.2211 52.0523 52.7928 53.4458 54.0144 54.5019 54.9114 55.2462 55.5094 55.7042 55.8338 55.9015 55.9103 55.8635 55.7643 55.6159 55.4214 55.1841 54.9071 54.5936 54.2469 53.87 53.4663 53.0388 52.5908 52.1255 51.6461 51.1557 50.6575 50.1548 49.6507 49.1484 48.6511 48.162 47.6843 47.2212 46.7758 46.3514 45.9512 45.5783 45.2359 44.9272 44.6554 44.4238 44.2354 44.0935 44.0013
9.5819 12.8986 16.0611 19.0727 21.9364 24.6555 27.2333 29.6727 31.9771 34.1497 36.1936 38.1121 39.9082 41.5853 43.1464 44.5949 45.9339 47.1665 48.296 49.3255 50.2583 51.0975 51.8463 52.508 53.0856 53.5825 54.0017 54.3465 54.6201 54.8256 54.9663 55.0454 55.0659 55.0312 54.9444 54.8087 54.6272 54.4033 54.14 53.8407 53.5083 53.1462 52.7575 52.3455 51.9133 51.464 51.001 50.5274 50.0463 49.561 49.0747 48.5905 48.1117 47.6414 47.1828 46.7391 46.3135 45.9092 45.5294 45.1773 44.856 44.5688 44.3189 44.1093 43.9434 43.8243 43.7553
8.54414 11.8623 15.0266 18.0402 20.9064 23.6282 26.2091 28.652 30.9602 33.1369 35.1852 37.1084 38.9097 40.5922 42.1592 43.6138 44.9592 46.1986 47.3352 48.3722 49.3128 50.1601 50.9175 51.5879 52.1747 52.6811 53.1101 53.4651 53.7492 53.9655 54.1174 54.2079 54.2403 54.2178 54.1435 54.0206 53.8524 53.642 53.3925 53.1073 52.7895 52.4423 52.0688 51.6723 51.2559 50.8229 50.3764 49.9197 49.4558 48.9881 48.5197 48.0537 47.5934 47.142 46.7026 46.2785 45.8728 45.4888 45.1296 44.7983 44.4983 44.2327 44.0046 43.8173 43.674 43.5779 43.532
7.52335 10.843 14.0092 17.025 19.8937 22.6185 25.2026 27.649 29.9611 32.142 34.1949 36.1231 37.9296 39.6177 41.1905 42.6514 44.0034 45.2497 46.3936 47.4381 48.3866 49.2422 50.0082 50.6875 51.2836 51.7996 52.2386 52.6038 52.8985 53.1258 53.289 53.3911 53.4355 53.4252 53.3635 53.2536 53.0987 52.9019 52.6665 52.3956 52.0924 51.7601 51.402 51.0211 50.6207 50.204 49.7742 49.3345 48.8879 48.4379 47.9874 47.5398 47.0982 46.6658 46.2458 45.8413 45.4557 45.092 44.7534 44.4432 44.1646 43.9207 43.7146 43.5497 43.4291 43.356 43.3336
6.52148 9.84281 13.011 16.0291 18.9005 21.6283 24.2157 26.6658 28.9819 31.1672 33.2248 35.1579 36.9698 38.6635 40.2424 41.7096 43.0683 44.3217 45.4729 46.5252 47.4817 48.3457 49.1203 49.8088 50.4142 50.9399 51.389 51.7646 52.07 52.3084 52.4829 52.5968 52.6532 52.6554 52.6065 52.5096 52.3681 52.1851 51.9637 51.7073 51.4188 51.1017 50.759 50.3939 50.0096 49.6093 49.1963 48.7736 48.3446 47.9123 47.48 47.0508 46.628 46.2147 45.8141 45.4295 45.064 44.7208 44.403 44.114 43.8568 43.6347 43.4508 43.3084 43.2106 43.1607 43.1617
5.54045 8.86356 12.0338 15.0544 17.9286 20.6595 23.2503 25.7043 28.0245 30.2142 32.2766 34.2149 36.0322 37.7318 39.3168 40.7905 42.156 43.4165 44.5752 45.6353 46.6 47.4725 48.256 48.9536 49.5685 50.104 50.5633 50.9494 51.2657 51.5152 51.7013 51.827 51.8956 51.9103 51.8742 51.7906 51.6626 51.4935 51.2863 51.0444 50.7708 50.4689 50.1417 49.7925 49.4245 49.0408 48.6446 48.2392 47.8277 47.4133 46.9992 46.5886 46.1847 45.7907 45.4097 45.045 44.6997 44.3771 44.0803 43.8125 43.5769 43.3767 43.2151 43.0953 43.0205 42.9938 43.0184
4.58218 7.90718 11.0797 14.1029 16.9799 19.714 22.3085 24.7663 27.0908 29.285 31.3524 33.2959 35.1188 36.8243 38.4156 39.8959 41.2683 42.5361 43.7024 44.7705 45.7434 46.6245 47.4169 48.1238 48.7484 49.2938 49.7634 50.1601 50.4874 50.7482 50.9459 51.0836 51.1645 51.1919 51.1688 51.0985 50.9841 50.8289 50.6361 50.4088 50.1503 49.8637 49.5522 49.219 48.8673 48.5002 48.1211 47.733 47.3392 46.9428 46.5471 46.1552 45.7703 45.3956 45.0343 44.6897 44.3648 44.0628 43.7871 43.5407 43.3268 43.1487 43.0094 42.9123 42.8606 42.8573 42.9057
3.64862 6.97563 10.1505 13.1763 16.0564 18.7939 21.392 23.8538 26.1827 28.3817 30.454 32.4029 34.2315 35.9431 37.5407 39.0277 40.4072 41.6824 42.8564 43.9325 44.9139 45.8037 46.6051 47.3214 47.9558 48.5113 48.9912 49.3987 49.737 50.0093 50.2188 50.3685 50.4619 50.502 50.492 50.4351 50.3345 50.1935 50.0151 49.8026 49.5591 49.288 48.9922 48.6751 48.3399 47.9897 47.6276 47.257 46.881 46.5028 46.1255 45.7524 45.3867 45.0315 44.69 44.3655 44.0611 43.78 43.5254 43.3004 43.1084 42.9524 42.8357 42.7615 42.7329 42.7531 42.8253
2.74166 6.07079 9.2481 12.2768 15.16 17.9009 20.5028 22.9688 25.3021 27.5059 29.5834 31.5378 33.3722 35.0899 36.6941 38.1879 39.5746 40.8572 42.0391 43.1234 44.1133 45.0119 45.8226 46.5484 47.1925 47.7583 48.2487 48.6671 49.0166 49.3004 49.5217 49.6837 49.7896 49.8426 49.8458 49.8024 49.7158 49.5889 49.4251 49.2275 48.9993 48.7437 48.4638 48.163 47.8443 47.511 47.1662 46.8132 46.4551 46.0951 45.7364 45.3822 45.0358 44.7002 44.3786 44.0744 43.7906 43.5304 43.2971 43.0938 42.9237 42.79 42.6959 42.6446 42.6393 42.6831 42.7793
1.86326 5.19464 8.37452 11.4061 14.2926 17.0371 19.6429 22.1132 24.4511 26.6598 28.7426 30.7025 32.5429 34.2669 35.8777 37.3784 38.7724 40.0627 41.2525 42.3451 43.3436 44.2512 45.0711 45.8066 46.4607 47.0367 47.5378 47.9672 48.328 48.6235 48.8568 49.0311 49.1496 49.2156 49.2321 49.2025 49.1298 49.0173 48.8681 48.6855 48.4726 48.2327 47.9689 47.6844 47.3824 47.0661 46.7387 46.4034 46.0633 45.7217 45.3817 45.0466 44.7195 44.4036 44.1021 43.8183 43.5552 43.3161 43.1041 42.9225 42.7745 42.6632 42.5919 42.5637 42.5817 42.6493 42.7696
1.01533 4.34906 7.53164 10.5662 13.4561 16.2043 18.8142 21.2888 23.6314 25.8452 27.9334 29.899 31.7455 33.4759 35.0934 36.6012 38.0025 39.3005 40.4984 41.5994 42.6067 43.5234 44.3527 45.0979 45.7621 46.3486 46.8604 47.3009 47.6731 47.9804 48.2258 48.4125 48.5439 48.6229 48.6529 48.637 48.5785 48.4804 48.346 48.1786 47.9812 47.757 47.5094 47.2414 46.9562 46.657 46.3471 46.0296 45.7076 45.3845 45.0634 44.7474 44.4398 44.1437 43.8624 43.599 43.3568 43.1389 42.9484 42.7887 42.6629 42.5741 42.5256 42.5206 42.5622 42.6536 42.7981
0.199807 3.53602 6.72141 9.75917 12.6525 15.4045 18.0186 20.4977 22.8451 25.0641 27.1577 29.1293 30.9819 32.7188 34.3431 35.8581 37.267 38.5728 39.7789 40.8884 41.9045 42.8304 43.6693 44.4244 45.0988 45.6958 46.2185 46.6702 47.054 47.3731 47.6307 47.83 47.9743 48.0665 48.1101 48.1081 48.0638 47.9803 47.8609 47.7086 47.5268 47.3186 47.0872 46.8357 46.5675 46.2856 45.9933 45.6937 45.39 45.0855 44.7833 44.4866 44.1986 43.9225 43.6615 43.4187 43.1974 43.0008 42.832 42.6942 42.5907 42.5245 42.499 42.5173 42.5825 42.698 42.8668
-0.581396 2.75741 5.94574 8.98676 11.8837 14.6397 17.258 19.7417 22.0941 24.3183 26.4176 28.3951 30.254 31.9975 33.6288 35.1511 36.5676 37.8814 39.0958 40.214 41.2391 42.1743 43.0228 43.7879 44.4726 45.0803 45.614 46.077 46.4724 46.8036 47.0735 47.2855 47.4427 47.5484 47.6056 47.6176 47.5877 47.5189 47.4144 47.2776 47.1114 46.9193 46.7042 46.4695 46.2183 45.9538 45.6791 45.3976 45.1123 44.8265 44.5434 44.2661 43.9978 43.7418 43.5011 43.2791 43.0789 42.9037 42.7566 42.6409 42.5598 42.5164 42.514 42.5557 42.6447 42.7842 42.9775
-1.32633 2.01519 5.20656 8.25097 11.1516 13.9117 16.5344 19.0228 21.3803 23.6099 25.7149 27.6985 29.5638 31.314 32.9524 34.4821 35.9064 37.2283 38.4511 39.578 40.6122 41.5568 42.4151 43.1903 43.8855 44.5039 45.0487 45.5232 45.9304 46.2737 46.5561 46.7809 46.9512 47.0703 47.1413 47.1675 47.152 47.098 47.0087 46.8873 46.737 46.561 46.3624 46.1445 45.9105 45.6635 45.4067 45.1433 44.8765 44.6096 44.3456 44.0878 43.8394 43.6035 43.3834 43.1822 43.0032 42.8495 42.7243 42.6308 42.5722 42.5517 42.5725 42.6377 42.7506 42.9144 43.1321
-2.03309 1.31126 4.50579 7.5537 10.4582 13.2224 15.8496 18.3429 20.7055 22.9407 25.0515 27.0413 28.9131 30.6702 32.3158 33.8531 35.2852 36.6153 37.8467 38.9825 40.0258 40.98 41.8482 42.6336 43.3393 43.9687 44.5247 45.0107 45.4299 45.7853 46.0803 46.318 46.5016 46.6343 46.7192 46.7597 46.7588 46.7197 46.6457 46.5399 46.4055 46.2457 46.0638 45.8628 45.646 45.4166 45.1778 44.9327 44.6845 44.4365 44.1918 43.9537 43.7252 43.5097 43.3102 43.13 42.9723 42.8402 42.737 42.6658 42.6299 42.6324 42.6765 42.7654 42.9022 43.0903 43.3328
-2.69973 0.647569 3.84539 6.89691 9.80534 12.5739 15.2057 17.704 20.0719 22.3127 24.4295 26.4255 28.304 30.0681 31.721 33.2659 34.706 36.0445 37.2845 38.4292 39.482 40.4458 41.324 42.1197 42.8361 43.4765 44.0439 44.5416 44.9727 45.3406 45.6482 45.8989 46.0959 46.2423 46.3413 46.3961 46.4098 46.3858 46.3272 46.2371 46.1188 45.9754 45.8101 45.6262 45.4268 45.2152 44.9944 44.7677 44.5383 44.3094 44.0841 43.8657 43.6573 43.4621 43.2834 43.1243 42.988 42.8777 42.7966 42.7478 42.7347 42.7603 42.8278 42.9405 43.1015 43.314 43.5812
-3.32434 0.0260231 3.22724 6.2825 9.195 11.9679 14.6045 17.1078 19.4812 21.7277 23.8506 25.8531 27.7383 29.5095 31.1699 32.7225 34.1707 35.5176 36.7664 37.9203 38.9825 39.9561 40.8444 41.6506 42.3778 43.0292 43.6081 44.1176 44.5609 44.9412 45.2617 45.5255 45.736 45.8961 46.0093 46.0786 46.1072 46.0983 46.0552 45.9809 45.8787 45.7519 45.6035 45.4367 45.2549 45.061 44.8584 44.6503 44.4397 44.23 44.0242 43.8256 43.6375 43.4629 43.305 43.1671 43.0523 42.9639 42.905 42.8788 42.8885 42.9373 43.0284 43.165 43.3502 43.5873 43.8795
-3.90498 -0.551439 2.65329 5.71241 8.62909 11.4065 14.048 16.5565 18.9354 21.1878 23.3169 25.3259 27.218 28.9964 30.6643 32.2249 33.6813 35.0367 36.2944 37.4575 38.5293 39.5128 40.4114 41.2281 41.9662 42.6289 43.2194 43.7408 44.1963 44.5892 44.9226 45.1997 45.4237 45.5979 45.7253 45.8091 45.8527 45.8591 45.8316 45.7733 45.6874 45.5771 45.4457 45.2962 45.132 44.9561 44.7718 44.5823 44.3907 44.2003 44.0142 43.8356 43.6677 43.5138 43.3769 43.2603 43.1672 43.1008 43.0642 43.0607 43.0934 43.1655 43.2803 43.4409 43.6505 43.9122 44.2294
-4.43972 -1.08288 2.12549 5.18857 8.10956 10.8916 13.5381 16.0519 18.4364 20.6948 22.8303 24.8459 26.745 28.5308 30.2063 31.7749 33.2396 34.6037 35.8704 37.0429 38.1243 39.1179 40.0268 40.8542 41.6033 42.2774 42.8795 43.413 43.8809 44.2865 44.6329 44.9234 45.1612 45.3493 45.4911 45.5897 45.6483 45.6701 45.6583 45.6161 45.5466 45.4531 45.3387 45.2067 45.0602 44.9024 44.7365 44.5657 44.3932 44.2222 44.0559 43.8974 43.7499 43.6168 43.501 43.4059 43.3345 43.2902 43.2761 43.2954 43.3512 43.4468 43.5853 43.77 44.0041 44.2907 44.6329
-4.92665 -1.56639 1.64573 4.71289 7.63831 10.4252 13.0767 15.596 17.9862 20.2507 22.3926 24.4151 26.3213 28.1145 29.7978 31.3744 32.8477 34.2206 35.4964 36.6783 37.7695 38.7732 39.6926 40.5308 41.2911 41.9766 42.5906 43.1362 43.6166 44.035 44.3946 44.6986 44.9502 45.1525 45.3088 45.4222 45.496 45.5333 45.5374 45.5113 45.4583 45.3817 45.2845 45.17 45.0413 44.9017 44.7544 44.6025 44.4492 44.2977 44.1513 44.013 43.8861 43.7738 43.6793 43.6057 43.5562 43.5342 43.5426 43.5848 43.6638 43.783 43.9455 44.1544 44.413 44.7245 45.0921
-5.36382 -2.00003 1.21596 4.28733 7.21728 10.009 12.6657 15.1906 17.5867 19.8574 22.0059 24.0352 25.9487 27.7494 29.4406 31.0255 32.5073 33.8891 35.1742 36.3657 37.4668 38.4808 39.4107 40.2599 41.0314 41.7286 42.3545 42.9123 43.4053 43.8367 44.2095 44.5271 44.7927 45.0093 45.1802 45.3086 45.3977 45.4506 45.4706 45.4608 45.4245 45.3648 45.2849 45.1881 45.0774 44.9561 44.8274 44.6945 44.5605 44.4287 44.3022 44.1843 44.0781 43.9868 43.9136 43.8617 43.8343 43.8345 43.8656 43.9308 44.0332 44.1761 44.3626 44.5959 44.8792 45.2158 45.6087
-5.74932 -2.38188 0.838088 3.91378 6.84839 9.64511 12.3072 14.8377 17.2398 19.5169 21.672 23.7083 25.6291 27.4375 29.1368 30.73 32.2205 33.6114 34.9058 36.107 37.2181 38.2425 39.1831 40.0433 40.8262 41.5351 42.173 42.7433 43.249 43.6934 44.0797 44.411 44.6906 44.9216 45.1072 45.2507 45.3552 45.4239 45.46 45.4666 45.447 45.4044 45.342 45.2629 45.1703 45.0675 44.9575 44.8437 44.7292 44.6171 44.5108 44.4133 44.3279 44.2577 44.2059 44.1758 44.1705 44.1932 44.2472 44.3355 44.4614 44.628 44.8387 45.0965 45.4046 45.7663 46.1847
-6.08121 -2.71001 0.514065 3.5942 6.53358 9.33541 12.0029 14.5392 16.9475 19.231 21.3929 23.4364 25.3646 27.1808 28.8882 30.4899 31.9892 33.3892 34.6931 35.9041 37.0254 38.0602 39.0117 39.8831 40.6775 41.3981 42.0483 42.631 43.1496 43.6071 44.0069 44.3521 44.6458 44.8914 45.0919 45.2506 45.3706 45.4551 45.5074 45.5306 45.5279 45.5025 45.4576 45.3963 45.322 45.2377 45.1466 45.052 44.957 44.8649 44.7788 44.7018 44.6373 44.5884 44.5582 44.55 44.5669 44.6122 44.6891 44.8006 44.9501 45.1407 45.3756 45.658 45.9911 46.378 46.822
-6.35758 -2.98249 0.245802 3.33049 6.27477 9.08182 11.7549 14.2971 16.7116 19.0017 21.1705 23.2212 25.157 26.9812 28.6968 30.3071 31.8153 33.2245 34.538 35.759 36.8906 37.936 38.8984 39.781 40.587 41.3197 41.9821 42.5774 43.1089 43.5798 43.9932 44.3523 44.6604 44.9206 45.136 45.31 45.4457 45.5462 45.6148 45.6546 45.6689 45.6608 45.6336 45.5903 45.5343 45.4687 45.3966 45.3214 45.2461 45.1739 45.1082 45.0519 45.0084 44.9808 44.9723 44.9861 45.0255 45.0935 45.1933 45.3283 45.5015 45.7161 45.9754 46.2825 46.6406 47.0529 47.5226
-6.57648 -3.19739 0.0352351 3.1246 6.07388 8.88628 11.565 14.1132 16.5341 18.8309 21.0067 23.0648 25.0083 26.8405 28.5645 30.1835 31.7007 33.1193 34.4426 35.6735 36.8155 37.8716 38.8451 39.7391 40.5569 41.3016 41.9764 42.5845 43.129 43.6133 44.0405 44.4137 44.7362 45.0111 45.2417 45.431 45.5825 45.6991 45.7841 45.8407 45.8721 45.8814 45.872 45.8468 45.8093 45.7624 45.7095 45.6537 45.5982 45.5462 45.5008 45.4654 45.443 45.4369 45.4502 45.4862 45.548 45.6388 45.7618 45.9203 46.1173 46.3561 46.6398 46.9718 47.3551 47.7929 48.2884
-6.736 -3.3528 -0.115715 2.97844 5.93285 8.75071 11.4353 13.9896 16.4169 18.7205 20.9035 22.969 24.9204 26.7607 28.4932 30.121 31.6474 33.0755 34.4086 35.6497 36.8022 37.8691 38.8538 39.7593 40.5889 41.3458 42.0331 42.6541 43.2118 43.7096 44.1506 44.5381 44.8751 45.1649 45.4106 45.6156 45.7828 45.9157 46.0172 46.0907 46.1393 46.1663 46.1747 46.1678 46.1488 46.1208 46.0871 46.0509 46.0153 45.9835 45.9588 45.9443 45.9431 45.9586 45.9939 46.0521 46.1365 46.2502 46.3965 46.5785 46.7995 47.0626 47.371 47.7278 48.1364 48.5999 49.1214
